0.00000
0.27828
0.53409
0.74680
0.89923
0.97907
0.97986
0.90152
0.75036
0.53858
0.28329
0.00511
-0.27346
-0.52991
-0.74346
-0.89685
-0.97764
-0.97928
-0.90161
-0.75093
-0.53941
-0.28419
-0.00596
0.27275
0.52932
0.74293
0.89626
0.97683
0.97811
0.89996
0.74873
0.53667
0.28103
0.00255
-0.27611
-0.53231
-0.74519
-0.89743
-0.97664
-0.97634
-0.89654
-0.74374
-0.53036
-0.27378
0.00509
0.28354
0.53884
0.75019
0.90032
0.97698
0.97389
0.89129
0.73592
0.52044
0.26246
-0.01696
-0.29497
-0.54885
-0.75783
-0.90481
-0.97774
-0.97065
-0.88410
-0.72516
-0.50684
-0.24702
0.03304
0.31037
0.56223
0.76798
0.91072
0.97874
0.96643
0.87480
0.71134
0.48948
0.22743
-0.05330
-0.32963
-0.57884
-0.78045
-0.91785
-0.97974
-0.96101
-0.86318
-0.69429
-0.46825
-0.20365
0.07772
0.35266
0.59851
0.79501
0.92593
0.98046
0.95410
0.84900
0.67382
0.44301
0.17564
-0.10624
-0.37931
-0.62102
-0.81138
-0.93463
-0.98057
-0.94538
-0.83197
-0.64970
-0.41365
-0.14336
0.13879
0.40942
0.64610
0.82921
0.94356
0.97965
0.93447
0.81176
0.62169
0.38001
0.10680
-0.17526
-0.44275
-0.67343
-0.84813
-0.95230
-0.97728
-0.92096
-0.78804
-0.58954
-0.34198
-0.06596
0.21553
0.47905
0.70264
0.86766
0.96034
0.97294
0.90440
0.76042
0.55299
0.29943
0.02089
-0.25939
-0.51797
-0.73327
-0.88729
-0.96713
-0.96611
-0.88430
-0.72853
-0.51181
-0.25228
0.02835
0.30659
0.55914
0.76483
0.90643
0.97205
0.95619
0.86015
0.69198
0.46577
0.20049
-0.08160
-0.35682
-0.60206
-0.79672
-0.92443
-0.97445
-0.94257
-0.83144
-0.65040
-0.41467
-0.14406
0.13865
0.40967
0.64619
0.82827
0.94057
0.97361
0.92460
0.79765
0.60345
0.35837
0.08308
-0.19921
-0.46466
-0.69088
-0.85874
-0.95406
-0.96877
-0.90162
-0.75827
-0.55082
-0.29680
-0.01770
0.26288
0.52120
0.73538
0.88729
0.96405
0.95914
0.87297
0.71282
0.49226
0.22997
-0.05180
-0.32916
-0.57858
-0.77887
-0.91303
-0.96966
-0.94392
-0.83800
-0.66088
-0.42760
-0.15799
0.12505
0.39743
0.63598
0.82039
0.93497
0.96993
0.92230
0.79611
0.60210
0.35680
0.08109
-0.20151
-0.46691
-0.69246
-0.85891
-0.95205
-0.96392
-0.89348
-0.74674
-0.53622
-0.27989
0.00034
0.28052
0.53670
0.74696
0.89330
0.96319
0.95065
0.85671
0.68942
0.46310
0.19711
-0.08575
-0.36124
-0.60574
-0.79828
-0.92234
-0.96725
-0.92916
-0.81131
-0.62381
-0.38276
-0.10884
0.17441
0.44266
0.67283
0.84514
0.94476
0.96309
0.89856
0.75670
0.54971
0.29540
0.01566
-0.26541
-0.52358
-0.73662
-0.88613
-0.95923
-0.94959
-0.85803
-0.69243
-0.46708
-0.20142
0.08162
0.35758
0.60264
0.79560
0.91978
0.96443
0.92568
0.80686
0.61824
0.37613
0.10148
-0.18194
-0.44958
-0.67826
-0.84816
-0.94454
-0.95904
-0.89038
-0.74451
-0.53407
-0.27730
0.00352
0.28402
0.53983
0.74874
0.89260
0.95888
0.94182
0.84289
0.67067
0.44013
0.17132
-0.11238
-0.38628
-0.62654
-0.81222
-0.92714
-0.96128
-0.91166
-0.78257
-0.58527
-0.33694
-0.05924
0.22361
0.48692
0.70772
0.86671
0.95000
0.95031
0.86759
0.70905
0.48855
0.22535
-0.05755
-0.33538
-0.58386
-0.78122
-0.91018
-0.95945
-0.92468
-0.80891
-0.62228
-0.38112
-0.10657
0.17731
0.44561
0.67481
0.84478
0.94060
0.95383
0.88332
0.73523
0.52256
0.26399
-0.01777
-0.29794
-0.55190
-0.75729
-0.89605
-0.95596
-0.93172
-0.82545
-0.64651
-0.41063
-0.13860
0.14563
0.41700
0.65159
0.82871
0.93272
0.95443
0.89191
0.75068
0.54318
0.28773
0.00688
-0.27456
-0.53171
-0.74185
-0.88638
-0.95252
-0.93440
-0.83361
-0.65905
-0.42617
-0.15557
0.12878
0.40171
0.63903
0.81970
0.92769
0.95343
0.89460
0.75643
0.55115
0.29697
0.01645
-0.26551
-0.52388
-0.73568
-0.88211
-0.95013
-0.93368
-0.83422
-0.66057
-0.42817
-0.15769
0.12681
0.40000
0.63755
0.81830
0.92614
0.95145
0.89197
0.75297
0.54684
0.29195
0.01104
-0.27084
-0.52853
-0.73901
-0.88349
-0.94905
-0.92982
-0.82751
-0.65124
-0.41677
-0.14505
0.13963
0.41179
0.64709
0.82446
0.92800
0.94843
0.88392
0.74022
0.53020
0.27268
-0.00928
-0.29038
-0.54541
-0.75150
-0.89013
-0.94886
-0.92240
-0.81311
-0.63079
-0.39182
-0.11766
0.16706
0.43674
0.66713
0.83749
0.93250
0.94358
0.86973
0.71758
0.50083
0.23898
-0.04438
-0.32373
-0.57387
-0.77225
-0.90098
-0.94844
-0.91032
-0.79005
-0.59848
-0.35289
-0.07545
0.20878
0.47413
0.69662
0.85612
0.93820
0.93544
0.84806
0.68397
0.45798
0.19056
-0.09409
-0.37020
-0.61276
-0.79979
-0.91432
-0.94596
-0.89184
-0.75684
-0.55321
-0.29939
-0.01843
0.26419
0.52280
0.73391
0.87835
0.94297
0.92189
0.81701
0.63786
0.40072
0.12714
-0.15798
-0.42871
-0.66039
-0.83193
-0.92769
-0.93895
-0.86465
-0.71157
-0.49363
-0.23070
0.05324
0.33231
0.58104
0.77672
0.90149
0.94395
0.90019
0.77421
0.57751
0.32804
0.04861
-0.23525
-0.49757
-0.71436
-0.86578
-0.93795
-0.92426
-0.82595
-0.65200
-0.41835
-0.14639
0.13897
0.41157
0.64641
0.82196
0.92210
0.93763
0.86711
0.71700
0.50108
0.23916
-0.04472
-0.32446
-0.57436
-0.77145
-0.89760
-0.94119
-0.89821
-0.77259
-0.57588
-0.32618
-0.04647
0.23750
0.49958
0.71560
0.86567
0.93593
0.91989
0.81903
0.64263
0.40695
0.13373
-0.15180
-0.42330
-0.65569
-0.82750
-0.92284
-0.93290
-0.85672
-0.70135
-0.48113
-0.21642
0.06828
0.34665
0.59291
0.78426
0.90297
0.93803
0.88619
0.75223
0.54856
0.29404
0.01228
-0.27059
-0.52835
-0.73705
-0.87733
-0.93615
-0.90803
-0.79557
-0.60922
-0.36627
-0.08929
0.19596
0.46298
0.68691
0.84691
0.92810
0.92290
0.83179
0.66322
0.43290
0.16227
-0.12346
-0.39767
-0.63478
-0.81268
-0.91477
-0.93151
-0.86134
-0.71078
-0.49388
-0.23088
0.05367
0.33317
0.58153
0.77551
0.89699
0.93458
0.88476
0.75218
0.54923
0.29490
0.01298
-0.27014
-0.52793
-0.73625
-0.87557
-0.93282
-0.90262
-0.78780
-0.59910
-0.35421
-0.07612
0.20910
0.47467
0.69565
0.85128
0.92694
0.91550
0.81802
0.64366
0.40880
0.13551
-0.15051
-0.42234
-0.65440
-0.82485
-0.91763
-0.92398
-0.84331
-0.68318
-0.45869
-0.19098
0.09471
0.37145
0.61313
0.79695
0.90555
0.92866
0.86411
0.71795
0.50400
0.24245
-0.04199
-0.32243
-0.57238
-0.76818
-0.89131
-0.93011
-0.88089
-0.74830
-0.54489
-0.28990
-0.00747
0.27565
0.53262
0.73910
0.87549
0.92885
0.89412
0.77458
0.58154
0.33334
0.05350
-0.23139
-0.49428
-0.71020
-0.85862
-0.92543
-0.90426
-0.79712
-0.61419
-0.37284
-0.09604
0.18988
0.45770
0.68192
0.84119
0.92031
0.91175
0.81630
0.64305
0.40850
0.13502
-0.15131
-0.42319
-0.65467
-0.82363
-0.91395
-0.91699
-0.83245
-0.66838
-0.44045
-0.17045
0.11582
0.39100
0.62876
0.80635
0.90676
0.92039
0.84590
0.69042
0.46883
0.20234
-0.08351
-0.36133
-0.60450
-0.78968
-0.89911
-0.92229
-0.85697
-0.70942
-0.49377
-0.23074
0.05443
0.33435
0.58213
0.77394
0.89134
0.92303
0.86596
0.72559
0.51543
0.25569
-0.02865
-0.31020
-0.56186
-0.75938
-0.88372
-0.92290
-0.87312
-0.73917
-0.53395
-0.27726
0.00617
0.28898
0.54387
0.74624
0.87653
0.92216
0.87870
0.75034
0.54947
0.29551
0.01299
-0.27076
-0.52830
-0.73470
-0.86998
-0.92103
-0.88291
-0.75928
-0.56212
-0.31051
-0.02883
0.25562
0.51526
0.72492
0.86424
0.91970
0.88591
0.76614
0.57199
0.32232
0.04136
-0.24359
-0.50485
-0.71702
-0.85947
-0.91833
-0.88787
-0.77104
-0.57920
-0.33100
-0.05060
0.23471
0.49713
0.71110
0.85577
0.91702
0.88889
0.77408
0.58380
0.33658
0.05655
-0.22898
-0.49213
-0.70721
-0.85322
-0.91587
-0.88904
-0.77533
-0.58585
-0.33911
-0.05923
0.22642
0.48989
0.70540
0.85186
0.91491
0.88837
0.77482
0.58538
0.33860
0.05865
-0.22702
-0.49041
-0.70568
-0.85171
-0.91416
-0.88689
-0.77257
-0.58241
-0.33506
-0.05483
0.23077
0.49367
0.70801
0.85274
0.91359
0.88459
0.76855
0.57690
0.32849
0.04776
-0.23765
-0.49963
-0.71237
-0.85490
-0.91315
-0.88139
-0.76272
-0.56884
-0.31887
-0.03745
0.24764
0.50826
0.71867
0.85810
0.91275
0.87722
0.75500
0.55816
0.30616
0.02391
-0.26069
-0.51947
-0.72682
-0.86222
-0.91225
-0.87194
-0.74528
-0.54480
-0.29035
-0.00715
0.27674
0.53316
0.73668
0.86711
0.91150
0.86542
0.73344
0.52865
0.27138
-0.01283
-0.29573
-0.54922
-0.74810
-0.87259
-0.91029
-0.85745
-0.71931
-0.50961
-0.24920
0.03599
0.31758
0.56751
0.76088
0.87843
0.90841
0.84784
0.70274
0.48757
0.22378
-0.06231
-0.34216
-0.58784
-0.77480
-0.88437
-0.90559
-0.83634
-0.68352
-0.46240
-0.19507
0.09175
0.36936
0.61000
0.78958
0.89012
0.90154
0.82269
0.66146
0.43397
0.16303
-0.12423
-0.39901
-0.63376
-0.80494
-0.89536
-0.89594
-0.80661
-0.63632
-0.40217
-0.12765
0.15966
0.43091
0.65884
0.82052
0.89971
0.88842
0.78778
0.60790
0.36687
0.08894
-0.19792
-0.46482
-0.68489
-0.83596
-0.90278
-0.87862
-0.76590
-0.57598
-0.32798
-0.04693
0.23883
0.50047
0.71157
0.85082
0.90414
0.86614
0.74065
0.54033
0.28542
0.00168
-0.28220
-0.53752
-0.73844
-0.86464
-0.90332
-0.85056
-0.71169
-0.50077
-0.23914
0.04669
0.32777
0.57560
0.76505
0.87691
0.89982
0.83145
0.67872
0.45712
0.18913
-0.09803
-0.37521
-0.61425
-0.79087
-0.88709
-0.89314
-0.80838
-0.64143
-0.40924
-0.13545
0.15211
0.42415
0.65300
0.81533
0.89460
0.88274
0.78093
0.59954
0.35706
0.07818
-0.20863
-0.47415
-0.69126
-0.83781
-0.89883
-0.86807
-0.74868
-0.55283
-0.30051
-0.01751
0.26725
0.52467
0.72841
0.85764
0.89912
0.84860
0.71124
0.50109
0.23965
-0.04631
-0.32750
-0.57511
-0.76376
-0.87411
-0.89483
-0.82380
-0.66827
-0.44420
-0.17458
0.11295
0.38885
0.62479
0.79655
0.88647
0.88530
0.79315
0.61947
0.38213
0.10550
-0.18195
-0.45065
-0.67296
-0.82598
-0.89395
-0.86986
-0.75619
-0.56462
-0.31490
-0.03274
0.25276
0.51218
0.71876
0.85117
0.89575
0.84789
0.71251
0.50359
0.24268
-0.04327
-0.32473
-0.57260
-0.76127
-0.87122
-0.89108
-0.81878
-0.66178
-0.43633
-0.16574
0.12198
0.39704
0.63096
0.79951
0.88520
0.87916
0.78200
0.60377
0.36295
0.08451
-0.20267
-0.46880
-0.68624
-0.83243
-0.89218
-0.85926
-0.73709
-0.53835
-0.28368
0.00045
0.28450
0.53895
0.73732
0.85896
0.89121
0.83070
0.68372
0.46556
0.19893
-0.08839
-0.36647
-0.60634
-0.78298
-0.87798
-0.88140
-0.79289
-0.62166
-0.38559
-0.10928
0.17840
0.44743
0.66970
0.82200
0.88839
0.86193
0.74537
0.55089
0.29882
0.01551
-0.26939
-0.52607
-0.72767
-0.85306
-0.88912
-0.83205
-0.68782
-0.47153
-0.20584
0.08140
0.36008
0.60097
0.77879
0.87489
0.87917
0.79117
0.62011
0.38395
0.10749
-0.18024
-0.44901
-0.67055
-0.82159
-0.88622
-0.85765
-0.73886
-0.54234
-0.28877
-0.00482
0.27961
0.53456
0.73319
0.85455
0.88586
0.82379
0.67489
0.45484
0.18684
-0.10084
-0.37786
-0.61497
-0.78714
-0.87620
-0.87271
-0.77705
-0.59930
-0.35824
-0.07934
0.20792
0.47317
0.68835
0.83069
0.88513
0.84588
0.71710
0.51241
0.25348
-0.03228
-0.31460
-0.56354
-0.75274
-0.86211
-0.88006
-0.80467
-0.64393
-0.41487
-0.14181
0.14627
0.41880
0.64683
0.80613
0.87977
0.85992
0.74866
0.55783
0.30770
0.02487
-0.26058
-0.51828
-0.72079
-0.84656
-0.88218
-0.82385
-0.67777
-0.45950
-0.19228
0.09540
0.37289
0.61059
0.78314
0.87214
0.86806
0.77135
0.59230
0.35004
0.07041
-0.21670
-0.48064
-0.69319
-0.83163
-0.88115
-0.83644
-0.70228
-0.49300
-0.23100
0.05570
0.33642
0.58108
0.76349
0.86411
0.87214
0.78671
0.61696
0.38110
0.10439
-0.18349
-0.45166
-0.67134
-0.81894
-0.87863
-0.84397
-0.71869
-0.51622
-0.25831
0.02733
0.31001
0.55933
0.74848
0.85712
0.87354
0.79597
0.63275
0.40143
0.12692
-0.16124
-0.43200
-0.65619
-0.80965
-0.87583
-0.84759
-0.72795
-0.52982
-0.27456
0.01030
0.29403
0.54599
0.73897
0.85214
0.87325
0.80002
0.64035
0.41149
0.13817
-0.15007
-0.42205
-0.64834
-0.80447
-0.87352
-0.84802
-0.73070
-0.53427
-0.28000
0.00459
0.28865
0.54140
0.73543
0.84970
0.87181
0.79936
0.64018
0.41155
0.13826
-0.15000
-0.42195
-0.64804
-0.80371
-0.87203
-0.84558
-0.72721
-0.52978
-0.27476
0.01012
0.29387
0.54562
0.73795
0.84992
0.86934
0.79407
0.63231
0.40167
0.12728
-0.16096
-0.43163
-0.65519
-0.80727
-0.87126
-0.84017
-0.71739
-0.51630
-0.25886
0.02683
0.30956
0.55843
0.74626
0.85249
0.86551
0.78389
0.61653
0.38174
0.10521
-0.18282
-0.45080
-0.66939
-0.81466
-0.87067
-0.83128
-0.70081
-0.49353
-0.23217
0.05463
0.33540
0.57936
0.75971
0.85668
0.85959
0.76813
0.59232
0.35147
0.07203
-0.21530
-0.47893
-0.68989
-0.82497
-0.86930
-0.81800
-0.67671
-0.46095
-0.19449
0.09337
0.37091
0.60757
0.77727
0.86131
0.85041
0.74577
0.55891
0.31043
0.02773
-0.25800
-0.51523
-0.71556
-0.83687
-0.86577
-0.79903
-0.64404
-0.41790
-0.14560
0.14277
0.41532
0.64192
0.79749
0.86482
0.83644
0.71549
0.51534
0.25816
-0.02759
-0.31026
-0.55852
-0.74486
-0.84862
-0.85828
-0.77277
-0.60156
-0.36363
-0.08538
0.20232
0.46753
0.68081
0.81845
0.86517
0.81577
0.67572
0.46058
0.19425
-0.09364
-0.37109
-0.60723
-0.77578
-0.85798
-0.84467
-0.73732
-0.54788
-0.29743
-0.01387
0.27120
0.52602
0.72217
0.83779
0.85996
0.78620
0.62474
0.39358
0.11851
-0.16976
-0.43904
-0.65926
-0.80581
-0.86232
-0.82244
-0.69064
-0.48164
-0.21880
0.06849
0.34808
0.58870
0.76340
0.85263
0.84638
0.74535
0.56083
0.31351
0.03107
-0.25481
-0.51210
-0.71194
-0.83191
-0.85855
-0.78885
-0.63063
-0.40164
-0.12758
0.16077
0.43104
0.65286
0.80130
0.85966
0.82137
0.69074
0.48245
0.21990
-0.06735
-0.34700
-0.58756
-0.76195
-0.85053
-0.84330
-0.74108
-0.55537
-0.30709
-0.02422
0.26134
0.51741
0.71509
0.83208
0.85517
0.78174
0.62007
0.38841
0.11290
-0.17532
-0.44371
-0.66192
-0.80531
-0.85763
-0.81298
-0.67638
-0.46329
-0.19780
0.09004
0.36766
0.60363
0.77122
0.85144
0.83520
0.72432
0.53137
0.27820
-0.00648
-0.29040
-0.54134
-0.73085
-0.83740
-0.84890
-0.76403
-0.59242
-0.35354
-0.07453
0.21292
0.47614
0.68521
0.81636
0.85467
0.79577
0.64635
0.42341
0.15230
-0.13612
-0.40900
-0.63529
-0.78919
-0.85316
-0.81991
-0.69323
-0.48753
-0.22626
0.06078
0.34085
0.58201
0.75673
0.84506
0.83690
0.73319
0.54575
0.29599
0.01244
-0.27250
-0.52627
-0.71984
-0.83107
-0.84725
-0.76649
-0.59805
-0.36118
-0.08299
0.20467
0.46887
0.67932
0.81193
0.85149
0.79346
0.64447
0.42161
0.15041
-0.13800
-0.41055
-0.63596
-0.78835
-0.85022
-0.81446
-0.68516
-0.47717
-0.21438
0.07302
0.35200
0.59048
0.76103
0.84403
0.82993
0.72034
0.52786
0.27463
-0.01018
-0.29379
-0.54353
-0.73063
-0.83352
-0.84033
-0.75027
-0.57371
-0.33101
-0.05016
0.23645
0.49575
0.69779
0.81926
0.84612
0.77525
0.61484
0.38341
0.10770
-0.18043
-0.44767
-0.66312
-0.80185
-0.84780
-0.79565
-0.65143
-0.43182
-0.16224
0.12610
0.39980
0.62716
0.78182
0.84585
0.81182
0.68368
0.47626
0.21362
-0.07377
-0.35257
-0.59042
-0.75970
-0.84076
-0.82416
-0.71183
-0.51681
-0.26176
0.02369
0.30636
0.55337
0.73599
0.83298
0.83304
0.73616
0.55360
0.30661
0.02394
-0.26148
-0.51641
-0.71115
-0.82298
-0.83887
-0.75695
-0.58677
-0.34818
-0.06899
0.21822
0.47993
0.68559
0.81117
0.84201
0.77450
0.61651
0.38650
0.11134
-0.17681
-0.44425
-0.65970
-0.79797
-0.84286
-0.78911
-0.64301
-0.42164
-0.15094
0.13742
0.40965
0.63385
0.78374
0.84176
0.80108
0.66647
0.45371
0.18775
-0.10021
-0.37638
-0.60833
-0.76884
-0.83905
-0.81070
-0.68712
-0.48281
-0.22178
0.06529
0.34464
0.58344
0.75359
0.83506
0.81826
0.70516
0.50906
0.25305
-0.03273
-0.31463
-0.55943
-0.73828
-0.83009
-0.82404
-0.72082
-0.53261
-0.28160
0.00262
0.28649
0.53651
0.72317
0.82442
0.82829
0.73432
0.55359
0.30747
0.02503
-0.26033
-0.51488
-0.70850
-0.81830
-0.83125
-0.74584
-0.57215
-0.33074
-0.05019
0.23626
0.49470
0.69449
0.81195
0.83316
0.75558
0.58841
0.35147
0.07286
-0.21437
-0.47612
-0.68132
-0.80560
-0.83421
-0.76372
-0.60251
-0.36973
-0.09303
0.19470
0.45924
0.66914
0.79943
0.83459
0.77043
0.61459
0.38560
0.11072
-0.17731
-0.44419
-0.65811
-0.79359
-0.83447
-0.77586
-0.62475
-0.39914
-0.12595
0.16223
0.43102
0.64834
0.78823
0.83398
0.78013
0.63309
0.41043
0.13874
-0.14949
-0.41983
-0.63993
-0.78346
-0.83327
-0.78336
-0.63972
-0.41951
-0.14911
0.13911
0.41064
0.63295
0.77939
0.83241
0.78565
0.64470
0.42645
0.15708
-0.13110
-0.40351
-0.62747
-0.77609
-0.83150
-0.78706
-0.64810
-0.43128
-0.16267
0.12545
0.39847
0.62354
0.77361
0.83060
0.78767
0.64996
0.43404
0.16590
-0.12218
-0.39552
-0.62119
-0.77199
-0.82975
-0.78750
-0.65032
-0.43475
-0.16678
0.12128
0.39468
0.62041
0.77124
0.82896
0.78657
0.64920
0.43342
0.16531
-0.12275
-0.39593
-0.62123
-0.77138
-0.82822
-0.78488
-0.64658
-0.43006
-0.16151
0.12656
0.39928
0.62360
0.77236
0.82753
0.78241
0.64246
0.42465
0.15537
-0.13273
-0.40468
-0.62751
-0.77416
-0.82683
-0.77912
-0.63680
-0.41717
-0.14688
0.14121
0.41212
0.63290
0.77671
0.82606
0.77494
0.62956
0.40759
0.13606
-0.15201
-0.42154
-0.63970
-0.77993
-0.82514
-0.76980
-0.62066
-0.39589
-0.12287
0.16509
0.43288
0.64784
0.78373
0.82395
0.76361
0.61004
0.38200
0.10733
-0.18041
-0.44608
-0.65721
-0.78797
-0.82239
-0.75624
-0.59760
-0.36588
-0.08943
0.19795
0.46105
0.66768
0.79253
0.82029
0.74757
0.58326
0.34748
0.06915
-0.21763
-0.47769
-0.67913
-0.79724
-0.81751
-0.73745
-0.56688
-0.32674
-0.04650
0.23941
0.49588
0.69140
0.80191
0.81385
0.72573
0.54838
0.30360
0.02150
-0.26321
-0.51549
-0.70429
-0.80636
-0.80912
-0.71223
-0.52761
-0.27800
0.00583
0.28892
0.53634
0.71761
0.81034
0.80310
0.69676
0.50446
0.24991
-0.03547
-0.31643
-0.55827
-0.73112
-0.81362
-0.79555
-0.67915
-0.47880
-0.21927
0.06735
0.34560
0.58106
0.74458
0.81592
0.78624
0.65919
0.45052
0.18607
-0.10141
-0.37628
-0.60448
-0.75771
-0.81697
-0.77489
-0.63669
-0.41951
-0.15030
0.13754
0.40827
0.62826
0.77021
0.81645
0.76125
0.61146
0.38567
0.11197
-0.17562
-0.44133
-0.65212
-0.78174
-0.81406
-0.74505
-0.58329
-0.34892
-0.07113
0.21549
0.47523
0.67571
0.79195
0.80944
0.72600
0.55202
0.30920
0.02784
-0.25697
-0.50966
-0.69870
-0.80047
-0.80226
-0.70383
-0.51748
-0.26648
0.01779
0.29981
0.54430
0.72069
0.80691
0.79216
0.67828
0.47953
0.22076
-0.06561
-0.34373
-0.57877
-0.74126
-0.81084
-0.77878
-0.64910
-0.43805
-0.17209
0.11543
0.38843
0.61265
0.75995
0.81183
0.76178
0.61606
0.39298
0.12055
-0.16699
-0.43351
-0.64550
-0.77630
-0.80946
-0.74080
-0.57895
-0.34426
-0.06628
0.22001
0.47856
0.67682
0.78980
0.80327
0.71551
0.53760
0.29193
0.00949
-0.27411
-0.52311
-0.70608
-0.79993
-0.79281
-0.68562
-0.49188
-0.23605
0.04956
0.32888
0.56661
0.73270
0.80615
0.77767
0.65086
0.44174
0.17676
-0.11055
-0.38383
-0.60849
-0.75609
-0.80793
-0.75743
-0.61099
-0.38715
-0.11428
0.17304
0.43839
0.64812
0.77562
0.80471
0.73170
0.56585
0.32819
0.04890
-0.23657
-0.49196
-0.68482
-0.79065
-0.79599
-0.70016
-0.51533
-0.26500
0.01900
0.30055
0.54383
0.71787
0.80052
0.78125
0.66251
0.45941
0.19782
-0.08894
-0.36433
-0.59325
-0.74652
-0.80458
-0.76003
-0.61854
-0.39816
-0.12700
0.16034
0.42717
0.63943
0.77000
0.80221
0.73193
0.56813
0.33175
0.05299
-0.23251
-0.48824
-0.68149
-0.78754
-0.79280
-0.69660
-0.51125
-0.26047
0.02364
0.30468
0.54666
0.71856
0.79836
0.77581
0.65380
0.44798
0.18472
-0.10219
-0.37596
-0.60145
-0.74971
-0.80170
-0.75075
-0.60338
-0.37853
-0.10507
0.18186
0.44537
0.65160
0.77402
0.79688
0.71723
0.54532
0.30326
0.02220
-0.26168
-0.51183
-0.69604
-0.79057
-0.78324
-0.67498
-0.47975
-0.22270
0.06304
0.34060
0.57420
0.73370
0.79850
0.76024
0.62386
0.40694
0.13751
-0.14965
-0.41744
-0.63126
-0.76347
-0.79698
-0.72745
-0.56387
-0.32737
-0.04856
0.23650
0.49092
0.68176
0.78432
0.78530
0.68459
0.49521
0.24169
-0.04312
-0.32229
-0.55966
-0.72442
-0.79522
-0.76286
-0.63153
-0.41827
-0.15075
0.13630
0.40562
0.62223
0.75799
0.79526
0.72919
0.56836
0.33367
0.05563
-0.22961
-0.48494
-0.67716
-0.78125
-0.78365
-0.68404
-0.49539
-0.24226
0.04239
0.32148
0.55865
0.72299
0.79307
0.75975
0.62737
0.41318
0.14513
-0.14182
-0.41023
-0.62506
-0.75827
-0.79245
-0.72313
-0.55937
-0.32255
-0.04361
0.24099
0.49405
0.68248
0.78164
0.77855
0.67361
0.48054
0.22460
-0.06070
-0.33801
-0.57103
-0.72923
-0.79187
-0.75076
-0.61126
-0.39166
-0.12074
0.16598
0.43089
0.63924
0.76369
0.78791
0.70871
0.53649
0.29384
0.01263
-0.27020
-0.51749
-0.69675
-0.78441
-0.76894
-0.65238
-0.45003
-0.18852
0.09776
0.37113
0.59563
0.74169
0.79009
0.73443
0.58205
0.35301
0.07749
-0.20821
-0.46642
-0.66311
-0.77233
-0.77968
-0.68418
-0.49842
-0.24691
0.03716
0.31628
0.55360
0.71778
0.78713
0.75247
0.61839
0.40259
0.13360
-0.15302
-0.41936
-0.63020
-0.75764
-0.78481
-0.70811
-0.53769
-0.29610
-0.01533
0.26743
0.51472
0.69378
0.78088
0.76446
0.64669
0.44319
0.18094
-0.10529
-0.37750
-0.59958
-0.74205
-0.78600
-0.72557
-0.56879
-0.33648
-0.05950
0.22535
0.48021
0.67121
0.77293
0.77186
0.66812
0.47551
0.21966
-0.06539
-0.34170
-0.57248
-0.72700
-0.78466
-0.73780
-0.59264
-0.36852
-0.09531
0.19057
0.45100
0.65125
0.76459
0.77592
0.68370
0.50024
0.25003
-0.03353
-0.31258
-0.54984
-0.71361
-0.78200
-0.74587
-0.61005
-0.39268
-0.12283
0.16341
0.42775
0.63483
0.75692
0.77768
0.69432
0.51800
0.27233
-0.00978
-0.29055
-0.53234
-0.70275
-0.77893
-0.75066
-0.62172
-0.40941
-0.14220
0.14406
0.41094
0.62262
0.75069
0.77792
0.70067
0.52930
0.28684
0.00586
-0.27587
-0.52047
-0.69506
-0.77613
-0.75280
-0.62818
-0.41905
-0.15354
0.13260
0.40085
0.61508
0.74643
0.77720
0.70324
0.53451
0.29376
0.01343
-0.26868
-0.51450
-0.69089
-0.77402
-0.75270
-0.62977
-0.42184
-0.15697
0.12905
0.39761
0.61241
0.74442
0.77580
0.70230
0.53385
0.29322
0.01297
-0.26900
-0.51453
-0.69039
-0.77277
-0.75052
-0.62663
-0.41789
-0.15256
0.13340
0.40124
0.61466
0.74472
0.77378
0.69789
0.52735
0.28528
0.00453
-0.27679
-0.52050
-0.69351
-0.77231
-0.74619
-0.61871
-0.40718
-0.14033
0.14555
0.41161
0.62165
0.74712
0.77093
0.68985
0.51490
0.26989
-0.01183
-0.29190
-0.53218
-0.69993
-0.77230
-0.73942
-0.60577
-0.38955
-0.12026
0.16540
0.42846
0.63303
0.75120
0.76683
0.67779
0.49622
0.24692
-0.03607
-0.31410
-0.54917
-0.70916
-0.77220
-0.72967
-0.58737
-0.36477
-0.09230
0.19276
0.45140
0.64822
0.75629
0.76079
0.66111
0.47090
0.21620
-0.06809
-0.34300
-0.57086
-0.72043
-0.77119
-0.71618
-0.56293
-0.33248
-0.05643
0.22733
0.47984
0.66643
0.76147
0.75191
0.63906
0.43841
0.17753
-0.10771
-0.37810
-0.59646
-0.73276
-0.76824
-0.69801
-0.53174
-0.29231
-0.01266
0.26868
0.51299
0.68660
0.76559
0.73908
0.61071
0.39818
0.13077
-0.15463
-0.41866
-0.62490
-0.74489
-0.76207
-0.67406
-0.49300
-0.24390
0.03886
0.31620
0.54982
0.70743
0.76725
0.72099
0.57506
0.34962
0.07585
-0.20837
-0.46371
-0.65485
-0.75532
-0.75120
-0.64307
-0.44588
-0.18697
0.09782
0.36901
0.58902
0.72734
0.76480
0.69618
0.53102
0.29221
0.01289
-0.26818
-0.51199
-0.68468
-0.76227
-0.73398
-0.60373
-0.38962
-0.12140
0.16366
0.42592
0.62893
0.74444
0.75639
0.66311
0.47757
0.22559
-0.05776
-0.33302
-0.56187
-0.71243
-0.76373
-0.70861
-0.55474
-0.32358
-0.04734
0.23546
0.48538
0.66756
0.75659
0.74003
0.62018
0.41379
0.14965
-0.13535
-0.40140
-0.61135
-0.73584
-0.75748
-0.67325
-0.49490
-0.24738
0.03470
0.31188
0.54540
0.70256
0.76137
0.71359
0.56591
0.33901
0.06465
-0.21872
-0.47140
-0.65799
-0.75232
-0.74117
-0.62610
-0.42323
-0.16103
0.12373
0.39109
0.60351
0.73119
0.75619
0.67500
0.49901
0.25294
-0.02863
-0.30613
-0.54057
-0.69897
-0.75907
-0.71241
-0.56554
-0.33913
-0.06503
0.21818
0.47064
0.65680
0.75044
0.73837
0.62229
0.41854
0.15584
-0.12879
-0.39522
-0.60589
-0.73107
-0.75312
-0.66890
-0.49031
-0.24255
0.03942
0.31578
0.54751
0.70187
0.75706
0.70528
0.55383
0.32412
0.04863
-0.23370
-0.48294
-0.66383
-0.75078
-0.73147
-0.60865
-0.39968
-0.13415
0.15033
0.41348
0.61801
0.73496
0.74773
0.65451
0.46853
0.21613
-0.06688
-0.34036
-0.56552
-0.71039
-0.75442
-0.69136
-0.53015
-0.29367
-0.01553
0.26479
0.50744
0.67794
0.75206
0.71925
0.58418
0.36605
0.09589
-0.18788
-0.44487
-0.63851
-0.74123
-0.73841
-0.63044
-0.43269
-0.17334
0.11068
0.37888
0.59304
0.72262
0.74915
0.66885
0.49315
0.24712
-0.03413
-0.31047
-0.54245
-0.69695
-0.75191
-0.69947
-0.54713
-0.31663
-0.04092
0.24059
0.48768
0.66499
0.74718
0.72249
0.59445
0.38136
0.11373
-0.17014
-0.42961
-0.62752
-0.73554
-0.73818
-0.63505
-0.44095
-0.18367
0.09990
0.36910
0.58533
0.71758
0.74687
0.66899
0.49511
0.25020
-0.03060
-0.30696
-0.53919
-0.69395
-0.74898
-0.69638
-0.54370
-0.31290
-0.03714
0.24392
0.48986
0.66529
0.74497
0.71744
0.58665
0.37142
0.10275
-0.18068
-0.43804
-0.63226
-0.73534
-0.73244
-0.62395
-0.42553
-0.16578
0.11785
0.38443
0.59551
0.72062
0.74171
0.65572
0.47507
0.22585
-0.05596
-0.32964
-0.55566
-0.70133
-0.74562
-0.68210
-0.51996
-0.28265
-0.00450
0.27427
0.51331
0.67802
0.74456
0.70329
0.56019
0.33597
0.06312
-0.21884
-0.46904
-0.65122
-0.73897
-0.71956
-0.59580
-0.38564
-0.11956
0.16382
0.42339
0.62146
0.72927
0.73118
0.62689
0.43156
0.17356
-0.10963
-0.37684
-0.58923
-0.71591
-0.73847
-0.65362
-0.47370
-0.22488
0.05663
0.32985
0.55501
0.69933
0.74177
0.67617
0.51206
0.27337
-0.00513
-0.28284
-0.51927
-0.67994
-0.74143
-0.69475
-0.54671
-0.31892
-0.04461
0.23616
0.48242
0.65818
0.73779
0.70960
0.57774
0.36146
0.09238
-0.19016
-0.44485
-0.63445
-0.73121
-0.72099
-0.60526
-0.40097
-0.13802
0.14510
0.40693
0.60912
0.72205
0.72917
0.62944
0.43747
0.18140
-0.10123
-0.36897
-0.58255
-0.71064
-0.73444
-0.65045
-0.47100
-0.22243
0.05876
0.33128
0.55510
0.69733
0.73707
0.66848
0.50163
0.26107
-0.01786
-0.29411
-0.52705
-0.68242
-0.73734
-0.68372
-0.52947
-0.29728
-0.02135
0.25768
0.49871
0.66622
0.73553
0.69640
0.55462
0.33108
0.05875
-0.22221
-0.47034
-0.64903
-0.73191
-0.70673
-0.57722
-0.36249
-0.09426
0.18786
0.44217
0.63111
0.72673
0.71492
0.59740
0.39156
0.12783
-0.15476
-0.41442
-0.61270
-0.72027
-0.72118
-0.61532
-0.41834
-0.15943
0.12306
0.38727
0.59405
0.71274
0.72574
0.63113
0.44293
0.18905
-0.09283
-0.36090
-0.57535
-0.70437
-0.72879
-0.64498
-0.46539
-0.21669
0.06417
0.33544
0.55682
0.69538
0.73053
0.65704
0.48582
0.24236
-0.03712
-0.31104
-0.53862
-0.68597
-0.73116
-0.66745
-0.50433
-0.26610
0.01175
0.28780
0.52091
0.67632
0.73085
0.67637
0.52101
0.28794
0.01193
-0.26581
-0.50383
-0.66659
-0.72977
-0.68395
-0.53596
-0.30792
-0.03389
0.24516
0.48751
0.65693
0.72809
0.69032
0.54929
0.32609
0.05412
-0.22590
-0.47207
-0.64750
-0.72594
-0.69562
-0.56109
-0.34250
-0.07262
0.20811
0.45759
0.63841
0.72346
0.69997
0.57146
0.35722
0.08939
-0.19181
-0.44417
-0.62978
-0.72078
-0.70348
-0.58049
-0.37028
-0.10444
0.17705
0.43187
0.62171
0.71800
0.70626
0.58825
0.38174
0.11779
-0.16385
-0.42077
-0.61428
-0.71523
-0.70841
-0.59484
-0.39164
-0.12944
0.15224
0.41091
0.60757
0.71255
0.71001
0.60032
0.40005
0.13942
-0.14222
-0.40234
-0.60165
-0.71004
-0.71113
-0.60475
-0.40699
-0.14773
0.13383
0.39510
0.59657
0.70775
0.71183
0.60819
0.41250
0.15439
-0.12705
-0.38920
-0.59236
-0.70575
-0.71218
-0.61067
-0.41662
-0.15943
0.12189
0.38468
0.58908
0.70407
0.71220
0.61224
0.41936
0.16284
-0.11836
-0.38155
-0.58673
-0.70273
-0.71193
-0.61292
-0.42076
-0.16465
0.11646
0.37981
0.58533
0.70177
0.71139
0.61273
0.42081
0.16485
-0.11618
-0.37946
-0.58490
-0.70118
-0.71058
-0.61168
-0.41954
-0.16346
0.11751
0.38051
0.58541
0.70096
0.70951
0.60975
0.41693
0.16047
-0.12046
-0.38294
-0.58687
-0.70109
-0.70815
-0.60695
-0.41298
-0.15589
0.12501
0.38673
0.58925
0.70156
0.70648
0.60325
0.40768
0.14971
-0.13115
-0.39187
-0.59251
-0.70232
-0.70446
-0.59862
-0.40101
-0.14193
0.13887
0.39832
0.59662
0.70332
0.70206
0.59302
0.39294
0.13255
-0.14815
-0.40605
-0.60152
-0.70451
-0.69920
-0.58640
-0.38345
-0.12156
0.15898
0.41502
0.60716
0.70582
0.69583
0.57871
0.37250
0.10896
-0.17133
-0.42517
-0.61345
-0.70717
-0.69186
-0.56989
-0.36006
-0.09473
0.18516
0.43644
0.62034
0.70846
0.68720
0.55986
0.34608
0.07888
-0.20046
-0.44878
-0.62771
-0.70959
-0.68177
-0.54855
-0.33052
-0.06141
0.21716
0.46208
0.63546
0.71045
0.67545
0.53588
0.31334
0.04231
-0.23523
-0.47628
-0.64348
-0.71092
-0.66814
-0.52177
-0.29451
-0.02160
0.25460
0.49126
0.65165
0.71086
0.65970
0.50612
0.27397
-0.00070
-0.27521
-0.50692
-0.65981
-0.71012
-0.65002
-0.48886
-0.25170
0.02457
0.29697
0.52312
0.66782
0.70854
0.63895
0.46989
0.22767
-0.04998
-0.31979
-0.53972
-0.67551
-0.70598
-0.62637
-0.44912
-0.20184
0.07687
0.34355
0.55657
0.68270
0.70224
0.61214
0.42647
0.17422
-0.10520
-0.36813
-0.57350
-0.68920
-0.69715
-0.59610
-0.40186
-0.14480
0.13487
0.39339
0.59031
0.69481
0.69052
0.57813
0.37522
0.11358
-0.16580
-0.41917
-0.60681
-0.69931
-0.68217
-0.55808
-0.34650
-0.08061
0.19788
0.44528
0.62276
0.70247
0.67190
0.53583
0.31565
0.04592
-0.23097
-0.47153
-0.63794
-0.70407
-0.65950
-0.51125
-0.28263
-0.00959
0.26491
0.49768
0.65210
0.70385
0.64480
0.48423
0.24743
-0.02829
-0.29952
-0.52350
-0.66496
-0.70158
-0.62759
-0.45467
-0.21007
0.06761
0.33459
0.54873
0.67623
0.69699
0.60771
0.42249
0.17058
-0.10822
-0.36988
-0.57306
-0.68564
-0.68983
-0.58497
-0.38763
-0.12903
0.14994
0.40514
0.59619
0.69287
0.67986
0.55922
0.35006
0.08550
-0.19255
-0.44006
-0.61780
-0.69760
-0.66682
-0.53033
-0.30978
-0.04014
0.23582
0.47433
0.63753
0.69953
0.65049
0.49819
0.26681
-0.00689
-0.27946
-0.50759
-0.65502
-0.69834
-0.63065
-0.46271
-0.22123
0.05539
0.32315
0.53946
0.66990
0.69370
0.60709
0.42384
0.17314
-0.10509
-0.36653
-0.56954
-0.68177
-0.68532
-0.57965
-0.38158
-0.12271
0.15569
0.40921
0.59740
0.69024
0.67291
0.54818
0.33596
0.07013
-0.20685
-0.45075
-0.62259
-0.69493
-0.65620
-0.51259
-0.28706
-0.01567
0.25818
0.49069
0.64466
0.69545
0.63494
0.47281
0.23502
-0.04036
-0.30923
-0.52852
-0.66311
-0.69143
-0.60893
-0.42885
-0.18005
0.09757
0.35950
0.56373
0.67748
0.68251
0.57801
0.38076
0.12241
-0.15554
-0.40847
-0.59575
-0.68729
-0.66838
-0.54207
-0.32865
-0.06244
0.21377
0.45555
0.62402
0.69207
0.64876
0.50106
0.27273
0.00054
-0.27170
-0.50013
-0.64796
-0.69139
-0.62342
-0.45499
-0.21326
0.06281
0.32871
0.54155
0.66700
0.68484
0.59218
0.40397
0.15059
-0.12705
-0.38413
-0.57913
-0.68057
-0.67204
-0.55494
-0.34818
-0.08518
0.19154
0.43725
0.61220
0.68811
0.65269
0.51168
0.28789
0.01754
-0.25559
-0.48730
-0.64006
-0.68913
-0.62655
-0.46247
-0.22348
0.05168
0.31843
0.53350
0.66202
0.68314
0.59345
0.40749
0.15544
-0.12179
-0.37921
-0.57501
-0.67741
-0.66977
-0.55334
-0.34703
-0.08436
0.19197
0.43705
0.61103
0.68562
0.64869
0.50625
0.28147
0.01093
-0.26134
-0.49102
-0.64072
-0.68607
-0.61967
-0.45235
-0.21136
0.06402
0.32893
0.54017
0.66331
0.67827
0.58261
0.39194
0.13736
-0.13959
-0.39371
-0.58352
-0.67803
-0.66182
-0.53753
-0.32546
-0.06026
0.21474
0.45460
0.62011
0.68422
0.63643
0.48458
0.25350
-0.01902
-0.28837
-0.51049
-0.64901
-0.68126
-0.60196
-0.42409
-0.17680
0.09942
0.35929
0.56024
0.66933
0.66868
0.55839
0.35655
0.09627
-0.17976
-0.42625
-0.60274
-0.68028
-0.64613
-0.50590
-0.28262
-0.01297
0.25877
0.48795
0.63690
0.68114
0.61342
0.44485
0.20316
-0.07190
-0.33508
-0.54309
-0.66169
-0.67137
-0.57054
-0.37579
-0.11919
0.15698
0.40725
0.59038
0.67620
0.65055
0.51768
0.29949
0.03195
-0.24081
-0.47380
-0.62858
-0.67962
-0.61848
-0.45528
-0.21693
0.05718
0.32181
0.53323
0.65653
0.67132
0.57517
0.38397
0.12932
-0.14666
-0.39833
-0.58408
-0.67317
-0.65086
-0.52085
-0.30465
-0.03806
0.23478
0.46870
0.62494
0.67763
0.61804
0.45604
0.21849
-0.05524
-0.31976
-0.53121
-0.65452
-0.66923
-0.57291
-0.38153
-0.12687
0.14881
0.39973
0.58423
0.67166
0.64751
0.51579
0.29839
0.03143
-0.24070
-0.47277
-0.62618
-0.67542
-0.61231
-0.44734
-0.20797
0.06597
0.32888
0.53699
0.65565
0.66510
0.56376
0.36853
0.11192
-0.16329
-0.41123
-0.59058
-0.67142
-0.64028
-0.50235
-0.28064
-0.01215
0.25831
0.48562
0.63182
0.67250
0.60087
0.42890
0.18531
-0.08919
-0.34874
-0.54996
-0.65920
-0.65822
-0.54717
-0.34462
-0.08447
0.18977
0.43220
0.60226
0.67147
0.62825
0.47984
0.25110
-0.01966
-0.28708
-0.50634
-0.64071
-0.66766
-0.58267
-0.40000
-0.15028
0.12460
0.37852
0.56889
0.66376
0.64720
0.52199
0.30916
0.04445
-0.22767
-0.46150
-0.61774
-0.67015
-0.60991
-0.44716
-0.20925
0.06380
0.32607
0.53344
0.65102
0.65904
0.55613
0.35963
0.10262
-0.17163
-0.41692
-0.59193
-0.66719
-0.63001
-0.48666
-0.26131
0.00806
0.27601
0.49737
0.63480
0.66510
0.58318
0.40285
0.15457
-0.11977
-0.37383
-0.56472
-0.66019
-0.64411
-0.51921
-0.30658
-0.04219
0.22930
0.46196
0.61646
0.66667
0.60409
0.43933
0.20025
-0.07268
-0.33325
-0.53736
-0.65043
-0.65332
-0.54555
-0.34537
-0.08671
0.18660
0.42823
0.59722
0.66491
0.61982
0.46961
0.23976
-0.03073
-0.29596
-0.51090
-0.63907
-0.65870
-0.56648
-0.37805
-0.12544
0.14844
0.39704
0.57811
0.66088
0.63126
0.49431
0.27331
0.00586
-0.26254
-0.48621
-0.62709
-0.66120
-0.58273
-0.40505
-0.15842
0.11515
0.36905
0.56002
0.65551
0.63926
0.51402
0.30116
0.03699
-0.23345
-0.46401
-0.61535
-0.66166
-0.59502
-0.42682
-0.18578
0.08695
0.34477
0.54365
0.64960
0.64453
0.52931
0.32362
0.06264
-0.20899
-0.44484
-0.60455
-0.66079
-0.60396
-0.44378
-0.20766
0.06396
0.32458
0.52957
0.64380
0.64773
0.54066
0.34097
0.08287
-0.18939
-0.42913
-0.59523
-0.65920
-0.61008
-0.45630
-0.22424
0.04626
0.30877
0.51821
0.63863
0.64935
0.54851
0.35346
0.09771
-0.17478
-0.41718
-0.58781
-0.65734
-0.61380
-0.46470
-0.23567
0.03386
0.29751
0.50990
0.63448
0.64978
0.55319
0.36133
0.10726
-0.16523
-0.40921
-0.58260
-0.65554
-0.61543
-0.46921
-0.24210
0.02674
0.29091
0.50483
0.63159
0.64930
0.55491
0.36472
0.11158
-0.16079
-0.40532
-0.57977
-0.65400
-0.61517
-0.47000
-0.24360
0.02489
0.28902
0.50311
0.63010
0.64803
0.55380
0.36373
0.11071
-0.16143
-0.40556
-0.57939
-0.65280
-0.61309
-0.46713
-0.24023
0.02828
0.29183
0.50472
0.63002
0.64601
0.54990
0.35837
0.10469
-0.16713
-0.40987
-0.58139
-0.65189
-0.60915
-0.46057
-0.23199
0.03687
0.29927
0.50958
0.63125
0.64310
0.54309
0.34862
0.09352
-0.17781
-0.41813
-0.58561
-0.65110
-0.60318
-0.45021
-0.21884
0.05061
0.31120
0.51749
0.63353
0.63909
0.53321
0.33434
0.07720
-0.19337
-0.43014
-0.59179
-0.65011
-0.59492
-0.43586
-0.20071
0.06945
0.32743
0.52815
0.63653
0.63362
0.51995
0.31539
0.05572
-0.21365
-0.44559
-0.59953
-0.64852
-0.58400
-0.41726
-0.17750
0.09330
0.34770
0.54115
0.63975
0.62623
0.50297
0.29157
0.02909
-0.23844
-0.46410
-0.60831
-0.64578
-0.56993
-0.39409
-0.14910
0.12200
0.37164
0.55596
0.64260
0.61635
0.48181
0.26263
-0.00266
-0.26743
-0.48513
-0.61749
-0.64122
-0.55217
-0.36599
-0.11544
0.15536
0.39877
0.57193
0.64436
0.60330
0.45599
0.22838
-0.03942
-0.30022
-0.50806
-0.62630
-0.63409
-0.53008
-0.33259
-0.07648
0.19307
0.42851
0.58827
0.64417
0.58633
0.42498
0.18861
-0.08102
-0.33629
-0.53209
-0.63383
-0.62352
-0.50299
-0.29356
-0.03225
0.23470
0.46009
0.60403
0.64107
0.56464
0.38828
0.14322
-0.12715
-0.37495
-0.55629
-0.63905
-0.60856
-0.47023
-0.24859
0.01708
0.27966
0.49261
0.61814
0.63399
0.53737
0.34541
0.09218
-0.17735
-0.41535
-0.57955
-0.64079
-0.58820
-0.43113
-0.19749
0.07121
0.32719
0.52496
0.62935
0.62181
0.50368
0.29597
0.03565
-0.23097
-0.45642
-0.60059
-0.63780
-0.56144
-0.38511
-0.14021
0.12961
0.37629
0.55585
0.63631
0.60332
0.46277
0.23972
-0.02604
-0.28710
-0.49689
-0.61797
-0.62873
-0.52726
-0.33168
-0.07692
0.19154
0.42572
0.58381
0.63755
0.57734
0.41396
0.17660
-0.09228
-0.34461
-0.53525
-0.63010
-0.61221
-0.48476
-0.27059
-0.00802
0.25593
0.47400
0.60714
0.63150
0.54272
0.35672
0.10683
-0.16216
-0.40203
-0.56976
-0.63529
-0.58687
-0.43317
-0.20180
0.06575
0.32144
0.51937
0.62403
0.61661
0.49846
0.29080
0.03093
-0.23443
-0.45762
-0.59851
-0.63177
-0.55144
-0.37197
-0.12563
0.14326
0.38632
0.55982
0.63252
0.59136
0.44374
0.21625
-0.05014
-0.30745
-0.50931
-0.61937
-0.61779
-0.50486
-0.30094
-0.04280
0.22300
0.44852
0.59310
0.63064
0.55438
0.37808
0.13357
-0.13500
-0.37914
-0.55476
-0.63015
-0.59167
-0.44631
-0.22031
0.04545
0.30295
0.50562
0.61681
0.61643
0.50455
0.30140
0.04376
-0.22175
-0.44707
-0.59140
-0.62862
-0.55200
-0.37540
-0.13084
0.13738
0.38065
0.55488
0.62849
0.58813
0.44114
0.21417
-0.05160
-0.30795
-0.50838
-0.61650
-0.61270
-0.49767
-0.29230
-0.03390
0.23061
0.45318
0.59336
0.62569
0.54429
0.36397
0.11752
-0.15025
-0.39065
-0.55993
-0.62732
-0.58055
-0.42813
-0.19782
0.06845
0.32220
0.51723
0.61802
0.60620
0.48394
0.27352
0.01330
-0.24930
-0.46639
-0.59839
-0.62124
-0.53077
-0.34349
-0.09358
0.17336
0.40861
0.56921
0.62586
0.56820
0.40679
0.17110
-0.09580
-0.34514
-0.53135
-0.62040
-0.59601
-0.46265
-0.24471
0.01794
0.27726
0.48580
0.60539
0.61416
0.51050
0.31340
0.05895
-0.20624
-0.43360
-0.58147
-0.62277
-0.54993
-0.37631
-0.13374
0.13330
0.37584
0.54940
0.62214
0.58072
0.43275
0.20538
-0.05963
-0.31365
-0.51002
-0.61268
-0.60279
-0.48216
-0.27297
-0.01365
0.24812
0.46422
0.59493
0.61621
0.52415
0.33570
0.08553
-0.18033
-0.41295
-0.56951
-0.62119
-0.55848
-0.39294
-0.15506
0.11133
0.35716
0.53712
0.61805
0.58503
0.44417
0.22143
-0.04210
-0.29781
-0.49852
-0.60721
-0.60382
-0.48898
-0.28390
-0.02644
0.23584
0.45451
0.58918
0.61496
0.52711
0.34186
0.09346
-0.17217
-0.40591
-0.56453
-0.61870
-0.55841
-0.39481
-0.15819
0.10766
0.35353
0.53389
0.61535
0.58284
0.44236
0.21997
-0.04313
-0.29819
-0.49792
-0.60531
-0.60044
-0.48423
-0.27823
-0.02067
0.24068
0.45731
0.58902
0.61137
0.52022
0.33249
0.08305
-0.18175
-0.41274
-0.56700
-0.61585
-0.55024
-0.38235
-0.14342
0.12214
0.36492
0.53977
0.61417
0.57427
0.42751
0.20121
-0.06250
-0.31451
-0.50791
-0.60666
-0.59239
-0.46776
-0.25598
0.00345
0.26218
0.47199
0.59374
0.60474
0.50294
0.30734
0.05444
-0.20856
-0.43259
-0.57581
-0.61150
-0.53300
-0.35498
-0.11068
0.15424
0.39028
0.55334
0.61294
0.55795
0.39865
0.16483
-0.09976
-0.34563
-0.52679
-0.60934
-0.57783
-0.43817
-0.21651
0.04564
0.29918
0.49664
0.60102
0.59277
0.47344
0.26541
0.00767
-0.25145
-0.46337
-0.58834
-0.60293
-0.50441
-0.31126
-0.05975
0.20292
0.42745
0.57167
0.60851
0.53106
0.35387
0.11024
-0.15405
-0.38934
-0.55140
-0.60976
-0.55346
-0.39310
-0.15883
0.10526
0.34949
0.52791
0.60693
0.57169
0.42883
0.20526
-0.05692
-0.30832
-0.50159
-0.60031
-0.58588
-0.46103
-0.24931
0.00937
0.26623
0.47282
0.59019
0.59618
0.48969
0.29081
0.03708
-0.22360
-0.44200
-0.57688
-0.60279
-0.51483
-0.32962
-0.08217
0.18076
0.40946
0.56071
0.60590
0.53651
0.36566
0.12567
-0.13804
-0.37557
-0.54197
-0.60575
-0.55483
-0.39887
-0.16740
0.09572
0.34065
0.52099
0.60256
0.56991
0.42923
0.20721
-0.05406
-0.30501
-0.49806
-0.59658
-0.58188
-0.45676
-0.24497
0.01327
0.26894
0.47348
0.58805
0.59090
0.48148
0.28060
0.02643
-0.23270
-0.44754
-0.57724
-0.59714
-0.50346
-0.31403
-0.06490
0.19653
0.42049
0.56437
0.60078
0.52278
0.34524
0.10199
-0.16064
-0.39261
-0.54971
-0.60201
-0.53954
-0.37422
-0.13758
0.12524
0.36412
0.53348
0.60102
0.55384
0.40097
0.17160
-0.09049
-0.33525
-0.51592
-0.59800
-0.56582
-0.42554
-0.20396
0.05655
0.30620
0.49724
0.59316
0.57561
0.44796
0.23463
-0.02354
-0.27715
-0.47766
-0.58668
-0.58334
-0.46830
-0.26359
-0.00843
0.24829
0.45738
0.57876
0.58917
0.48663
0.29081
0.03926
-0.21976
-0.43657
-0.56957
-0.59324
-0.50305
-0.31631
-0.06889
0.19170
0.41542
0.55930
0.59570
0.51764
0.34012
0.09727
-0.16423
-0.39409
-0.54812
-0.59670
-0.53050
-0.36225
-0.12434
0.13745
0.37272
0.53619
0.59639
0.54173
0.38275
0.15008
-0.11146
-0.35146
-0.52367
-0.59491
-0.55145
-0.40168
-0.17447
0.08633
0.33042
0.51071
0.59241
0.55976
0.41908
0.19752
-0.06212
-0.30971
-0.49743
-0.58901
-0.56678
-0.43502
-0.21922
0.03890
0.28945
0.48397
0.58486
0.57260
0.44958
0.23960
-0.01670
-0.26971
-0.47045
-0.58007
-0.57734
-0.46281
-0.25865
-0.00444
0.25057
0.45698
0.57476
0.58111
0.47479
0.27643
0.02450
-0.23212
-0.44365
-0.56905
-0.58400
-0.48559
-0.29295
-0.04347
0.21440
0.43057
0.56305
0.58612
0.49530
0.30824
0.06132
-0.19747
-0.41781
-0.55685
-0.58756
-0.50397
-0.32235
-0.07806
0.18138
0.40545
0.55054
0.58840
0.51168
0.33532
0.09368
-0.16616
-0.39356
-0.54421
-0.58875
-0.51851
-0.34718
-0.10819
0.15185
0.38220
0.53794
0.58867
0.52451
0.35798
0.12160
-0.13847
-0.37143
-0.53180
-0.58825
-0.52975
-0.36775
-0.13392
0.12604
0.36130
0.52586
0.58754
0.53430
0.37654
0.14515
-0.11459
-0.35184
-0.52017
-0.58663
-0.53820
-0.38439
-0.15532
0.10412
0.34311
0.51480
0.58556
0.54152
0.39132
0.16443
-0.09466
-0.33512
-0.50978
-0.58438
-0.54429
-0.39739
-0.17251
0.08619
0.32790
0.50516
0.58316
0.54657
0.40261
0.17955
-0.07874
-0.32149
-0.50098
-0.58192
-0.54840
-0.40701
-0.18559
0.07230
0.31590
0.49727
0.58071
0.54980
0.41064
0.19063
-0.06687
-0.31114
-0.49405
-0.57955
-0.55081
-0.41349
-0.19468
0.06246
0.30723
0.49134
0.57848
0.55145
0.41561
0.19776
-0.05907
-0.30418
-0.48917
-0.57751
-0.55175
-0.41699
-0.19988
0.05669
0.30200
0.48754
0.57665
0.55171
0.41766
0.20103
-0.05533
-0.30067
-0.48646
-0.57592
-0.55135
-0.41762
-0.20123
0.05497
0.30022
0.48594
0.57532
0.55067
0.41688
0.20048
-0.05562
-0.30063
-0.48596
-0.57485
-0.54967
-0.41543
-0.19878
0.05728
0.30190
0.48653
0.57450
0.54835
0.41328
0.19614
-0.05993
-0.30403
-0.48764
-0.57427
-0.54670
-0.41042
-0.19254
0.06358
0.30699
0.48926
0.57413
0.54469
0.40683
0.18800
-0.06822
-0.31078
-0.49139
-0.57406
-0.54232
-0.40250
-0.18250
0.07383
0.31539
0.49399
0.57403
0.53955
0.39743
0.17604
-0.08043
-0.32078
-0.49704
-0.57402
-0.53635
-0.39157
-0.16861
0.08799
0.32694
0.50050
0.57398
0.53270
0.38492
0.16020
-0.09651
-0.33385
-0.50434
-0.57388
-0.52855
-0.37744
-0.15081
0.10597
0.34146
0.50851
0.57366
0.52387
0.36912
0.14043
-0.11635
-0.34975
-0.51296
-0.57328
-0.51860
-0.35991
-0.12905
0.12765
0.35867
0.51765
0.57267
0.51270
0.34978
0.11666
-0.13984
-0.36819
-0.52250
-0.57177
-0.50611
-0.33872
-0.10327
0.15289
0.37824
0.52746
0.57052
0.49877
0.32667
0.08886
-0.16678
-0.38879
-0.53245
-0.56884
-0.49064
-0.31361
-0.07344
0.18148
0.39976
0.53740
0.56666
0.48164
0.29951
0.05701
-0.19694
-0.41108
-0.54222
-0.56389
-0.47172
-0.28434
-0.03958
0.21311
0.42270
0.54684
0.56046
0.46081
0.26806
0.02116
-0.22996
-0.43451
-0.55114
-0.55627
-0.44885
-0.25065
-0.00177
0.24741
0.44645
0.55505
0.55123
0.43578
0.23209
-0.01858
-0.26541
-0.45841
-0.55844
-0.54526
-0.42153
-0.21235
0.03983
0.28388
0.47028
0.56122
0.53825
0.40604
0.19144
-0.06197
-0.30274
-0.48197
-0.56326
-0.53011
-0.38926
-0.16934
0.08494
0.32189
0.49334
0.56444
0.52074
0.37113
0.14605
-0.10868
-0.34124
-0.50429
-0.56465
-0.51005
-0.35160
-0.12159
0.13312
0.36066
0.51466
0.56376
0.49794
0.33064
0.09598
-0.15819
-0.38005
-0.52433
-0.56163
-0.48432
-0.30821
-0.06925
0.18380
0.39926
0.53315
0.55813
0.46911
0.28429
0.04143
-0.20983
-0.41815
-0.54096
-0.55314
-0.45223
-0.25886
-0.01260
0.23618
0.43658
0.54760
0.54653
0.43359
0.23193
-0.01718
-0.26270
-0.45436
-0.55291
-0.53816
-0.41314
-0.20349
0.04782
0.28926
0.47134
0.55672
0.52791
0.39082
0.17359
-0.07921
-0.31569
-0.48732
-0.55887
-0.51566
-0.36658
-0.14225
0.11124
0.34182
0.50211
0.55918
0.50131
0.34041
0.10956
-0.14376
-0.36745
-0.51551
-0.55748
-0.48475
-0.31228
-0.07558
0.17661
0.39239
0.52731
0.55361
0.46588
0.28220
0.04042
-0.20962
-0.41641
-0.53731
-0.54741
-0.44464
-0.25021
-0.00421
0.24259
0.43928
0.54528
0.53872
0.42097
0.21634
-0.03291
-0.27529
-0.46077
-0.55101
-0.52740
-0.39482
-0.18068
0.07075
0.30750
0.48061
0.55429
0.51332
0.36618
0.14332
-0.10914
-0.33895
-0.49855
-0.55491
-0.49637
-0.33506
-0.10440
0.14783
0.36937
0.51432
0.55266
0.47644
0.30148
0.06407
-0.18658
-0.39846
-0.52765
-0.54735
-0.45347
-0.26553
-0.02252
0.22511
0.42593
0.53827
0.53880
0.42742
0.22728
-0.02003
-0.26312
-0.45146
-0.54592
-0.52686
-0.39826
-0.18688
0.06332
0.30029
0.47472
0.55033
0.51139
0.36602
0.14449
-0.10707
-0.33627
-0.49538
-0.55126
-0.49228
-0.33075
-0.10033
0.15094
0.37069
0.51309
0.54847
0.46946
0.29254
0.05464
-0.19460
-0.40317
-0.52754
-0.54176
-0.44287
-0.25153
-0.00771
0.23766
0.43332
0.53840
0.53094
0.41252
0.20791
-0.04012
-0.27970
-0.46073
-0.54534
-0.51586
-0.37846
-0.16190
0.08849
0.32029
0.48498
0.54809
0.49641
0.34077
0.11379
-0.13697
-0.35897
-0.50568
-0.54637
-0.47251
-0.29961
-0.06392
0.18511
0.39526
0.52242
0.53994
0.44415
0.25517
0.01266
-0.23244
-0.42867
-0.53482
-0.52862
-0.41137
-0.20771
0.03954
0.27841
0.45871
0.54252
0.51224
0.37424
0.15757
-0.09219
-0.32250
-0.48488
-0.54518
-0.49071
-0.33295
-0.10513
0.14477
0.36412
0.50671
0.54251
0.46399
0.28771
0.05083
-0.19670
-0.40270
-0.52373
-0.53428
-0.43212
-0.23883
0.00480
0.24736
0.43764
0.53550
0.52028
0.39520
0.18669
-0.06119
-0.29609
-0.46837
-0.54163
-0.50040
-0.35341
-0.13174
0.11772
0.34223
0.49429
0.54176
0.47460
0.30702
0.07452
-0.17370
-0.38508
-0.51488
-0.53561
-0.44290
-0.25640
-0.01563
0.22840
0.42395
0.52961
0.52296
0.40545
0.20199
-0.04426
-0.28105
-0.45816
-0.53801
-0.50368
-0.36245
-0.14433
0.10438
0.33087
0.48703
0.53970
0.47772
0.31425
0.08405
-0.16395
-0.37704
-0.50992
-0.53435
-0.44514
-0.26128
-0.02189
0.22210
0.41876
0.52626
0.52172
0.40612
0.20408
-0.04136
-0.27793
-0.45523
-0.53551
-0.50167
-0.36093
-0.14331
0.10481
0.33052
0.48570
0.53725
0.47420
0.31001
0.07972
-0.16752
-0.37895
-0.50943
-0.53113
-0.43941
-0.25389
-0.01419
0.22848
0.42227
0.52579
0.51691
0.39755
0.19324
-0.05233
-0.28665
-0.45960
-0.53420
-0.49450
-0.34900
-0.12886
0.11881
0.34098
0.49009
0.53422
0.46394
0.29430
0.06167
-0.18412
-0.39039
-0.51294
-0.52551
-0.42542
-0.23414
0.00730
0.24711
0.43385
0.52746
0.50787
0.37930
0.16934
-0.07690
-0.30658
-0.47036
-0.53308
-0.48128
-0.32611
-0.10090
0.14592
0.36132
0.49900
0.52936
0.44588
0.26655
0.02993
-0.21307
-0.41016
-0.51894
-0.51601
-0.40201
-0.20150
0.04234
0.27700
0.45194
0.52948
0.49293
0.35018
0.13200
-0.11457
-0.33638
-0.48561
-0.53009
-0.46023
-0.29113
-0.05926
0.18533
0.38986
0.51020
0.52037
0.41821
0.22577
-0.01538
-0.25313
-0.43615
-0.52488
-0.50018
-0.36739
-0.15522
0.09044
0.31649
0.47404
0.52902
0.46956
0.30853
0.08079
-0.16438
-0.37390
-0.50243
-0.52215
-0.42881
-0.24262
-0.00394
0.23554
0.42392
0.52039
0.50405
0.37846
0.17086
-0.07373
-0.30227
-0.46519
-0.52715
-0.47474
-0.31933
-0.09466
0.15049
0.36291
0.49648
0.52221
0.43452
0.25247
0.01563
-0.22455
-0.41587
-0.51675
-0.50528
-0.38397
-0.17920
0.06449
0.29408
0.45964
0.52516
0.47638
0.32395
0.10105
-0.14379
-0.35726
-0.49287
-0.52111
-0.43583
-0.25563
-0.01977
0.22032
0.41234
0.51442
0.50432
0.38426
0.18043
-0.06269
-0.29208
-0.45768
-0.52336
-0.47481
-0.32263
-0.10007
0.14429
0.35707
0.49181
0.51908
0.43295
0.25224
0.01645
-0.22286
-0.41340
-0.51350
-0.50129
-0.37946
-0.17466
0.06829
0.29623
0.45929
0.52179
0.47006
0.31544
0.09179
-0.15190
-0.36225
-0.49319
-0.51605
-0.42583
-0.24232
-0.00574
0.23203
0.41887
0.51380
0.49603
0.36947
0.16189
-0.08116
-0.30632
-0.46420
-0.52015
-0.46188
-0.30222
-0.07624
0.16643
0.37247
0.49663
0.51163
0.41418
0.22573
-0.01229
-0.24754
-0.42830
-0.51482
-0.48807
-0.35396
-0.14201
0.10113
0.32195
0.47184
0.51782
0.44976
0.28268
0.05339
-0.18760
-0.38720
-0.50142
-0.50511
-0.39747
-0.20224
0.03753
0.26896
0.44100
0.51573
0.47666
0.33244
0.11489
-0.12795
-0.34248
-0.48135
-0.51389
-0.43294
-0.25639
-0.02326
0.21495
0.40560
0.50656
0.49553
0.37496
0.17152
-0.06979
-0.29560
-0.45596
-0.51541
-0.46081
-0.30425
-0.08040
0.16119
0.36702
0.49154
0.50716
0.41046
0.22286
-0.01407
-0.24781
-0.42657
-0.51073
-0.48165
-0.34579
-0.13330
0.10870
0.32653
0.47185
0.51244
0.43931
0.26870
0.03849
-0.20020
-0.39437
-0.50091
-0.49617
-0.38121
-0.18160
0.05832
0.28520
0.44864
0.51229
0.46203
0.30905
0.08738
-0.15367
-0.36046
-0.48700
-0.50513
-0.41084
-0.22512
0.01066
0.24400
0.42294
0.50763
0.47923
0.34406
0.13227
-0.10894
-0.32580
-0.46997
-0.50933
-0.43510
-0.26385
-0.03381
0.20371
0.39572
0.49937
0.49154
0.37400
0.17300
-0.06658
-0.29122
-0.45075
-0.50955
-0.45450
-0.29792
-0.07480
0.16498
0.36781
0.48835
0.49966
0.39923
0.20953
-0.02699
-0.25740
-0.43015
-0.50659
-0.46961
-0.32751
-0.11213
0.12831
0.33994
0.47536
0.50426
0.42016
0.24193
0.00953
-0.22495
-0.40892
-0.50115
-0.48097
-0.35292
-0.14574
0.09408
0.31273
0.46113
0.50598
0.43724
0.27035
0.04280
-0.19430
-0.38769
-0.49393
-0.48916
-0.37447
-0.17565
0.06259
0.28670
0.44628
0.50546
0.45093
0.29499
0.07272
-0.16584
-0.36702
-0.48553
-0.49471
-0.39251
-0.20196
0.03403
0.26228
0.43138
0.50324
0.46169
0.31609
0.09929
-0.13984
-0.34737
-0.47650
-0.49813
-0.40740
-0.22478
0.00851
0.23981
0.41692
0.49986
0.46993
0.33390
0.12251
-0.11650
-0.32912
-0.46732
-0.49989
-0.41947
-0.24427
-0.01389
0.21956
0.40329
0.49577
0.47608
0.34869
0.14245
-0.09597
-0.31260
-0.45841
-0.50040
-0.42908
-0.26061
-0.03316
0.20173
0.39085
0.49136
0.48048
0.36071
0.15920
-0.07834
-0.29805
-0.45011
-0.50003
-0.43650
-0.27396
-0.04930
0.18649
0.37987
0.48697
0.48347
0.37018
0.17286
-0.06368
-0.28567
-0.44270
-0.49908
-0.44202
-0.28449
-0.06233
0.17393
0.37057
0.48288
0.48531
0.37732
0.18351
-0.05200
-0.27561
-0.43642
-0.49782
-0.44584
-0.29235
-0.07231
0.16414
0.36312
0.47930
0.48621
0.38230
0.19126
-0.04333
-0.26797
-0.43143
-0.49644
-0.44817
-0.29765
-0.07926
0.15716
0.35764
0.47641
0.48636
0.38525
0.19617
-0.03766
-0.26283
-0.42787
-0.49508
-0.44911
-0.30050
-0.08322
0.15302
0.35420
0.47430
0.48587
0.38627
0.19831
-0.03498
-0.26020
-0.42578
-0.49383
-0.44877
-0.30095
-0.08423
0.15172
0.35284
0.47304
0.48479
0.38542
0.19771
-0.03528
-0.26011
-0.42521
-0.49273
-0.44718
-0.29904
-0.08232
0.15324
0.35355
0.47263
0.48315
0.38271
0.19439
-0.03852
-0.26252
-0.42612
-0.49175
-0.44433
-0.29478
-0.07749
0.15755
0.35629
0.47301
0.48089
0.37811
0.18836
-0.04469
-0.26738
-0.42845
-0.49083
-0.44015
-0.28812
-0.06976
0.16461
0.36097
0.47410
0.47792
0.37157
0.17958
-0.05375
-0.27462
-0.43208
-0.48983
-0.43454
-0.27901
-0.05912
0.17434
0.36749
0.47573
0.47409
0.36296
0.16803
-0.06566
-0.28412
-0.43685
-0.48858
-0.42736
-0.26736
-0.04559
0.18666
0.37566
0.47772
0.46922
0.35217
0.15365
-0.08038
-0.29572
-0.44254
-0.48685
-0.41840
-0.25306
-0.02916
0.20144
0.38529
0.47980
0.46307
0.33901
0.13638
-0.09781
-0.30924
-0.44889
-0.48436
-0.40745
-0.23601
-0.00985
0.21853
0.39611
0.48167
0.45535
0.32329
0.11618
-0.11786
-0.32445
-0.45558
-0.48079
-0.39424
-0.21606
0.01230
0.23773
0.40780
0.48297
0.44575
0.30483
0.09301
-0.14039
-0.34104
-0.46223
-0.47576
-0.37850
-0.19310
0.03722
0.25880
0.42001
0.48329
0.43391
0.28340
0.06686
-0.16520
-0.35867
-0.46842
-0.46887
-0.35993
-0.16703
0.06479
0.28142
0.43229
0.48218
0.41946
0.25881
0.03774
-0.19207
-0.37694
-0.47367
-0.45967
-0.33823
-0.13776
0.09486
0.30523
0.44415
0.47913
0.40202
0.23086
0.00574
-0.22066
-0.39534
-0.47742
-0.44768
-0.31312
-0.10526
0.12719
0.32977
0.45503
0.47361
0.38118
0.19943
-0.02902
-0.25060
-0.41334
-0.47909
-0.43243
-0.28433
-0.06957
0.16146
0.35452
0.46430
0.46504
0.35658
0.16441
-0.06631
-0.28139
-0.43029
-0.47804
-0.41343
-0.25166
-0.03078
0.19727
0.37886
0.47129
0.45285
0.32788
0.12580
-0.10582
-0.31246
-0.44549
-0.47361
-0.39021
-0.21494
0.01089
0.23408
0.40207
0.47527
0.43645
0.29478
0.08367
-0.14710
-0.34312
-0.45816
-0.46511
-0.36235
-0.17413
0.05511
0.27128
0.42335
0.47545
0.41528
0.25708
0.03821
-0.18961
-0.37257
-0.46746
-0.45186
-0.32949
-0.12927
0.10144
0.30809
0.44184
0.47105
0.38884
0.21468
-0.01022
-0.23264
-0.39993
-0.47251
-0.43321
-0.29137
-0.08057
0.14924
0.34363
0.45656
0.46128
0.35670
0.16762
-0.06114
-0.27533
-0.42418
-0.47240
-0.40857
-0.24785
-0.02839
0.19774
0.37688
0.46652
0.44540
0.31855
0.11610
-0.11385
-0.31669
-0.44424
-0.46622
-0.37742
-0.19897
0.02672
0.24599
0.40671
0.47068
0.42270
0.27421
0.06054
-0.16747
-0.35556
-0.45898
-0.45313
-0.33943
-0.14495
0.08398
0.29284
0.43189
0.46802
0.39264
0.22373
0.00156
-0.22091
-0.39066
-0.46721
-0.43235
-0.29439
-0.08626
0.14238
0.33698
0.45111
0.45756
0.35480
0.16737
-0.05995
-0.27289
-0.42059
-0.46779
-0.40324
-0.24236
-0.02363
0.20068
0.37696
0.46307
0.43845
0.30899
0.10569
-0.12283
-0.32190
-0.44389
-0.45963
-0.36536
-0.18368
0.04191
0.25740
0.41119
0.46645
0.40998
0.25532
0.03953
-0.18566
-0.36629
-0.45906
-0.44176
-0.31855
-0.11900
0.10903
0.31083
0.43801
0.46006
0.37171
0.19418
-0.02990
-0.24673
-0.40426
-0.46466
-0.41345
-0.26296
-0.04934
0.17607
0.35909
0.45576
0.44285
0.32349
0.12639
-0.10105
-0.30410
-0.43395
-0.45936
-0.37425
-0.19910
0.02390
0.24108
0.40016
0.46284
0.41405
0.26556
0.05315
-0.17200
-0.35563
-0.45351
-0.44206
-0.32406
-0.12798
0.09890
0.30185
0.43195
0.45781
0.37322
0.19861
-0.02387
-0.24051
-0.39904
-0.46118
-0.41196
-0.26327
-0.05104
0.17344
0.35595
0.45241
0.43951
0.32039
0.12387
-0.10254
-0.30407
-0.43202
-0.45544
-0.36869
-0.19277
0.02973
0.24496
0.40084
0.45965
0.40716
0.25611
0.04308
-0.18031
-0.35995
-0.45233
-0.43509
-0.31242
-0.11407
0.11186
0.31060
0.43398
0.45207
0.36052
0.18155
-0.04141
-0.25424
-0.40532
-0.45797
-0.39944
-0.24396
-0.02930
0.19241
0.36732
0.45295
0.42851
0.29997
0.09857
-0.12671
-0.32113
-0.43741
-0.44730
-0.34842
-0.16483
0.05879
0.26804
0.41200
0.45566
0.38841
0.22663
0.00974
-0.20946
-0.37758
-0.45368
-0.41926
-0.28270
-0.07731
0.14685
0.33515
0.44170
0.44053
0.33195
0.14246
-0.08171
-0.28588
-0.42024
-0.45202
-0.37349
-0.20383
0.01553
0.23103
0.39004
0.45376
0.40664
0.26020
0.05025
-0.17191
-0.35199
-0.44599
-0.43094
-0.31054
-0.11426
0.10990
0.30711
0.42913
0.44613
0.35397
0.17522
-0.04635
-0.25651
-0.40380
-0.45218
-0.38981
-0.23199
-0.01740
0.20138
0.37075
0.44921
0.41756
0.28356
0.08010
-0.14294
-0.33085
-0.43756
-0.43691
-0.32907
-0.14053
0.08243
0.28509
0.41771
0.44773
0.36782
0.19762
-0.02107
-0.23451
-0.39026
-0.45008
-0.39929
-0.25037
-0.03997
0.18019
0.35598
0.44417
0.42309
0.29796
0.09957
-0.12326
-0.31568
-0.43034
-0.43905
-0.33967
-0.15669
0.06481
0.27027
0.40910
0.44710
0.37493
0.21040
-0.00593
-0.22073
-0.38104
-0.44735
-0.40334
-0.25986
-0.05234
0.16803
0.34686
0.44005
0.42460
0.30436
0.10903
-0.11316
-0.30733
-0.42554
-0.43860
-0.34331
-0.16323
0.05712
0.26328
0.40430
0.44533
0.37625
0.21415
-0.00085
-0.21558
-0.37690
-0.44492
-0.40283
-0.26106
-0.05472
0.16509
0.34395
0.43759
0.42283
0.30335
0.10876
-0.11271
-0.30617
-0.42370
-0.43617
-0.34052
-0.16048
0.05930
0.26429
0.40367
0.44286
0.37218
0.20917
-0.00570
-0.21907
-0.37800
-0.44302
-0.39803
-0.25420
-0.04729
0.17130
0.34726
0.43687
0.41790
0.29506
0.09892
-0.12174
-0.31206
-0.42472
-0.43170
-0.33130
-0.14851
0.07116
0.27306
0.40693
0.43946
0.36257
0.19544
-0.02030
-0.23092
-0.38394
-0.44127
-0.38863
-0.23916
-0.03014
0.18632
0.35626
0.43732
0.40930
0.27921
0.07952
-0.13994
-0.32441
-0.42786
-0.42450
-0.31518
-0.12722
0.09244
0.28894
0.41322
0.43424
0.34678
0.17270
-0.04447
-0.25045
-0.39376
-0.43859
-0.37375
-0.21548
-0.00337
0.20951
0.36991
0.43770
0.39595
0.25512
0.05049
-0.16672
-0.34211
-0.43178
-0.41328
-0.29128
-0.09636
0.12264
0.31083
0.42107
0.42573
0.32367
0.14050
-0.07784
-0.27658
-0.40588
-0.43333
-0.35206
-0.18247
0.03284
0.23984
0.38657
0.43619
0.37628
0.22190
0.01183
-0.20113
-0.36349
-0.43446
-0.39624
-0.25844
-0.05573
0.16093
0.33704
0.42834
0.41188
0.29183
0.09840
-0.11972
-0.30764
-0.41807
-0.42323
-0.32184
-0.13946
0.07798
0.27570
0.40391
0.43033
0.34831
0.17856
-0.03614
-0.24165
-0.38618
-0.43329
-0.37113
-0.21539
-0.00538
0.20591
0.36518
0.43225
0.39021
0.24970
0.04620
-0.16889
-0.34126
-0.42739
-0.40555
-0.28127
-0.08597
0.13098
0.31476
0.41892
0.41714
0.30991
0.12436
-0.09258
-0.28603
-0.40706
-0.42506
-0.33551
-0.16109
0.05404
0.25542
0.39207
0.42940
0.35798
0.19592
-0.01571
-0.22328
-0.37421
-0.43026
-0.37725
-0.22863
-0.02211
0.18995
0.35376
0.42780
0.39331
0.25905
0.05911
-0.15575
-0.33101
-0.42220
-0.40617
-0.28703
-0.09505
0.12101
0.30625
0.41363
0.41589
0.31247
0.12968
-0.08601
-0.27976
-0.40231
-0.42253
-0.33529
-0.16280
0.05104
0.25182
0.38845
0.42619
0.35544
0.19424
-0.01635
-0.22271
-0.37228
-0.42698
-0.37290
-0.22385
-0.01781
0.19270
0.35402
0.42504
0.38769
0.25150
0.05123
-0.16204
-0.33390
-0.42052
-0.39982
-0.27710
-0.08371
0.13098
0.31215
0.41357
0.40935
0.30058
0.11509
-0.09974
-0.28902
-0.40437
-0.41634
-0.32190
-0.14521
0.06855
0.26470
0.39309
0.42090
0.34103
0.17394
-0.03759
-0.23943
-0.37992
-0.42311
-0.35796
-0.20119
0.00705
0.21341
0.36503
0.42308
0.37271
0.22685
0.02290
-0.18684
-0.34861
-0.42095
-0.38531
-0.25087
-0.05214
0.15991
0.33085
0.41683
0.39581
0.27320
0.08051
-0.13279
-0.31191
-0.41087
-0.40426
-0.29381
-0.10792
0.10564
0.29197
0.40320
0.41074
0.31268
0.13426
-0.07862
-0.27121
-0.39396
-0.41532
-0.32981
-0.15946
0.05187
0.24977
0.38330
0.41809
0.34521
0.18345
-0.02551
-0.22781
-0.37135
-0.41915
-0.35891
-0.20618
-0.00035
0.20549
0.35827
0.41860
0.37094
0.22761
0.02561
-0.18292
-0.34418
-0.41654
-0.38135
-0.24772
-0.05018
0.16025
0.32922
0.41308
0.39020
0.26650
0.07398
-0.13759
-0.31352
-0.40833
-0.39754
-0.28395
-0.09696
0.11504
0.29720
0.40240
0.40343
0.30006
0.11906
-0.09270
-0.28038
-0.39539
-0.40796
-0.31486
-0.14024
0.07066
0.26317
0.38741
0.41119
0.32838
0.16046
-0.04900
-0.24568
-0.37857
-0.41321
-0.34063
-0.17971
0.02780
0.22801
0.36896
0.41408
0.35167
0.19796
-0.00710
-0.21025
-0.35870
-0.41390
-0.36153
-0.21522
-0.01302
0.19248
0.34787
0.41275
0.37026
0.23148
0.03254
-0.17479
-0.33657
-0.41070
-0.37791
-0.24676
-0.05141
0.15724
0.32488
0.40784
0.38453
0.26105
0.06961
-0.13991
-0.31288
-0.40424
-0.39018
-0.27439
-0.08710
0.12284
0.30066
0.39999
0.39491
0.28679
0.10387
-0.10610
-0.28829
-0.39515
-0.39879
-0.29829
-0.11991
0.08972
0.27584
0.38981
0.40187
0.30890
0.13521
-0.07376
-0.26337
-0.38403
-0.40421
-0.31866
-0.14977
0.05824
0.25093
0.37788
0.40588
0.32761
0.16359
-0.04320
-0.23860
-0.37143
-0.40691
-0.33578
-0.17668
0.02865
0.22640
0.36473
0.40739
0.34321
0.18905
-0.01464
-0.21440
-0.35785
-0.40735
-0.34993
-0.20070
0.00116
0.20264
0.35084
0.40685
0.35600
0.21165
0.01176
-0.19114
-0.34375
-0.40596
-0.36144
-0.22193
-0.02412
0.17996
0.33663
0.40471
0.36630
0.23154
0.03591
-0.16910
-0.32953
-0.40315
-0.37061
-0.24051
-0.04711
0.15861
0.32248
0.40134
0.37442
0.24885
0.05774
-0.14851
-0.31554
-0.39931
-0.37776
-0.25659
-0.06779
0.13882
0.30872
0.39711
0.38066
0.26375
0.07727
-0.12955
-0.30208
-0.39477
-0.38317
-0.27036
-0.08617
0.12072
0.29563
0.39234
0.38531
0.27643
0.09449
-0.11235
-0.28941
-0.38985
-0.38713
-0.28198
-0.10226
0.10445
0.28344
0.38733
0.38864
0.28704
0.10947
-0.09703
-0.27775
-0.38481
-0.38988
-0.29163
-0.11613
0.09009
0.27235
0.38232
0.39088
0.29577
0.12224
-0.08365
-0.26726
-0.37989
-0.39166
-0.29947
-0.12782
0.07770
0.26250
0.37753
0.39224
0.30276
0.13288
-0.07225
-0.25809
-0.37527
-0.39266
-0.30565
-0.13741
0.06730
0.25404
0.37314
0.39292
0.30816
0.14144
-0.06287
-0.25036
-0.37113
-0.39305
-0.31031
-0.14496
0.05894
0.24705
0.36928
0.39307
0.31210
0.14798
-0.05551
-0.24413
-0.36759
-0.39297
-0.31355
-0.15052
0.05260
0.24161
0.36607
0.39279
0.31467
0.15257
-0.05019
-0.23948
-0.36474
-0.39253
-0.31546
-0.15415
0.04829
0.23775
0.36359
0.39220
0.31594
0.15525
-0.04690
-0.23643
-0.36264
-0.39180
-0.31612
-0.15588
0.04601
0.23551
0.36189
0.39133
0.31598
0.15604
-0.04563
-0.23500
-0.36134
-0.39081
-0.31555
-0.15574
0.04574
0.23489
0.36098
0.39023
0.31481
0.15498
-0.04636
-0.23518
-0.36083
-0.38959
-0.31378
-0.15376
0.04747
0.23588
0.36087
0.38889
0.31244
0.15208
-0.04907
-0.23696
-0.36109
-0.38812
-0.31079
-0.14994
0.05117
0.23844
0.36150
0.38727
0.30884
0.14733
-0.05376
-0.24030
-0.36208
-0.38634
-0.30656
-0.14426
0.05682
0.24253
0.36282
0.38531
0.30396
0.14073
-0.06037
-0.24512
-0.36371
-0.38418
-0.30103
-0.13672
0.06440
0.24807
0.36473
0.38292
0.29775
0.13225
-0.06890
-0.25136
-0.36587
-0.38152
-0.29412
-0.12729
0.07386
0.25497
0.36711
0.37997
0.29012
0.12186
-0.07928
-0.25890
-0.36842
-0.37824
-0.28573
-0.11594
0.08515
0.26312
0.36980
0.37632
0.28095
0.10954
-0.09147
-0.26762
-0.37121
-0.37418
-0.27576
-0.10265
0.09822
0.27238
0.37262
0.37179
0.27014
0.09526
-0.10539
-0.27737
-0.37402
-0.36914
-0.26408
-0.08738
0.11297
0.28256
0.37537
0.36619
0.25756
0.07900
-0.12095
-0.28795
-0.37663
-0.36292
-0.25055
-0.07012
0.12930
0.29349
0.37778
0.35929
0.24306
0.06075
-0.13802
-0.29915
-0.37879
-0.35528
-0.23505
-0.05087
0.14709
0.30491
0.37961
0.35086
0.22652
0.04051
-0.15647
-0.31072
-0.38020
-0.34599
-0.21745
-0.02965
0.16615
0.31655
0.38053
0.34064
0.20781
0.01832
-0.17610
-0.32236
-0.38055
-0.33479
-0.19761
-0.00651
0.18629
0.32811
0.38022
0.32839
0.18682
-0.00576
-0.19669
-0.33375
-0.37949
-0.32142
-0.17545
0.01847
0.20725
0.33924
0.37833
0.31384
0.16347
-0.03161
-0.21795
-0.34452
-0.37667
-0.30563
-0.15088
0.04515
0.22873
0.34954
0.37448
0.29675
0.13768
-0.05908
-0.23955
-0.35425
-0.37171
-0.28718
-0.12387
0.07336
0.25037
0.35858
0.36830
0.27688
0.10946
-0.08795
-0.26113
-0.36249
-0.36421
-0.26584
-0.09445
0.10283
0.27176
0.36590
0.35939
0.25403
0.07885
-0.11795
-0.28222
-0.36877
-0.35379
-0.24144
-0.06268
0.13326
0.29244
0.37101
0.34737
0.22805
0.04596
-0.14872
-0.30234
-0.37257
-0.34008
-0.21385
-0.02872
0.16426
0.31185
0.37338
0.33188
0.19884
0.01099
-0.17982
-0.32091
-0.37337
-0.32273
-0.18300
0.00720
0.19533
0.32944
0.37248
0.31259
0.16636
-0.02579
-0.21073
-0.33734
-0.37064
-0.30144
-0.14891
0.04474
0.22593
0.34455
0.36778
0.28924
0.13068
-0.06398
-0.24085
-0.35096
-0.36385
-0.27597
-0.11170
0.08345
0.25540
0.35651
0.35879
0.26162
0.09198
-0.10309
-0.26949
-0.36110
-0.35252
-0.24617
-0.07158
0.12280
0.28302
0.36464
0.34502
0.22963
0.05055
-0.14250
-0.29589
-0.36704
-0.33621
-0.21200
-0.02893
0.16209
0.30799
0.36823
0.32607
0.19329
0.00681
-0.18148
-0.31922
-0.36810
-0.31456
-0.17352
0.01574
0.20055
0.32945
0.36659
0.30165
0.15274
-0.03864
-0.21918
-0.33859
-0.36362
-0.28732
-0.13099
0.06178
0.23725
0.34650
0.35910
0.27156
0.10832
-0.08506
-0.25463
-0.35309
-0.35299
-0.25437
-0.08481
0.10836
0.27119
0.35824
0.34521
0.23577
0.06053
-0.13155
-0.28679
-0.36183
-0.33572
-0.21578
-0.03558
0.15449
0.30129
0.36376
0.32448
0.19444
0.01007
-0.17704
-0.31453
-0.36394
-0.31146
-0.17181
0.01588
0.19904
0.32639
0.36226
0.29664
0.14795
-0.04214
-0.22033
-0.33670
-0.35864
-0.28003
-0.12295
0.06855
0.24074
0.34533
0.35301
0.26164
0.09690
-0.09496
-0.26008
-0.35213
-0.34529
-0.24150
-0.06994
0.12119
0.27819
0.35698
0.33544
0.21966
0.04219
-0.14706
-0.29488
-0.35975
-0.32343
-0.19618
-0.01381
0.17237
0.30997
0.36031
0.30923
0.17115
-0.01504
-0.19691
-0.32327
-0.35855
-0.29285
-0.14469
0.04416
0.22049
0.33461
0.35440
0.27430
0.11692
-0.07335
-0.24286
-0.34381
-0.34777
-0.25363
-0.08799
0.10240
0.26381
0.35071
0.33859
0.23091
0.05808
-0.13106
-0.28312
-0.35516
-0.32685
-0.20622
-0.02739
0.15910
0.30055
0.35700
0.31251
0.17969
-0.00388
-0.18626
-0.31589
-0.35612
-0.29559
-0.15145
0.03547
0.21227
0.32892
0.35241
0.27612
0.12169
-0.06714
-0.23687
-0.33943
-0.34579
-0.25418
-0.09059
0.09861
0.25977
0.34722
0.33620
0.22986
0.05838
-0.12958
-0.28070
-0.35213
-0.32361
-0.20328
-0.02532
0.15976
0.29940
0.35398
0.30803
0.17462
-0.00832
-0.18882
-0.31559
-0.35265
-0.28947
-0.14406
0.04223
0.21644
0.32903
0.34802
0.26803
0.11184
-0.07609
-0.24229
-0.33948
-0.34002
-0.24379
-0.07822
0.10955
0.26605
0.34672
0.32861
0.21692
0.04349
-0.14226
-0.28738
-0.35056
-0.31379
-0.18760
-0.00798
0.17383
0.30599
0.35083
0.29559
0.15605
-0.02794
-0.20388
-0.32156
-0.34741
-0.27409
-0.12255
0.06391
0.23204
0.33382
0.34021
0.24942
0.08740
-0.09951
-0.25790
-0.34252
-0.32918
-0.22175
-0.05096
0.13432
0.28111
0.34742
0.31432
0.19131
0.01361
-0.16790
-0.30127
-0.34835
-0.29568
-0.15838
0.02422
0.19980
0.31807
0.34517
0.27337
0.12327
-0.06209
-0.22957
-0.33117
-0.33777
-0.24753
-0.08635
0.09952
0.25677
0.34028
0.32613
0.21840
0.04805
-0.13602
-0.28096
-0.34517
-0.31025
-0.18625
-0.00881
0.17107
0.30173
0.34564
0.29021
0.15140
-0.03086
-0.20416
-0.31869
-0.34154
-0.26616
-0.11426
0.07043
0.23478
0.33150
0.33279
0.23831
0.07528
-0.10935
-0.26241
-0.33984
-0.31938
-0.20694
-0.03494
0.14704
0.28658
0.34347
0.30135
0.17239
-0.00620
-0.18292
-0.30682
-0.34218
-0.27884
-0.13509
0.04756
0.21641
0.32273
0.33586
0.25205
0.09552
-0.08852
-0.24691
-0.33393
-0.32446
-0.22127
-0.05421
0.12844
0.27389
0.34012
0.30801
0.18688
0.01177
-0.16665
-0.29681
-0.34105
-0.28663
-0.14931
0.03115
0.20251
0.31518
0.33658
0.26053
0.10909
-0.07387
-0.23535
-0.32859
-0.32661
-0.23001
-0.06681
0.11567
0.26455
0.33667
0.31117
0.19546
0.02313
-0.15583
-0.28951
-0.33915
-0.29037
-0.15738
0.02123
0.19359
0.30968
0.33582
0.26445
0.11632
-0.06551
-0.22824
-0.32458
-0.32659
-0.23371
-0.07296
0.10893
0.25906
0.33382
0.31149
0.19860
0.02800
-0.15065
-0.28540
-0.33706
-0.29063
-0.15964
0.01774
0.18988
0.30666
0.33410
0.26425
0.11748
-0.06344
-0.22580
-0.32230
-0.32484
-0.23273
-0.07284
0.10821
0.25763
0.33187
0.30930
0.19655
0.02652
-0.15116
-0.28466
-0.33504
-0.28763
-0.15630
0.02059
0.19139
0.30623
0.33160
0.26012
0.11271
-0.06756
-0.22801
-0.32176
-0.32144
-0.22718
-0.06657
0.11343
0.26018
0.33079
0.30462
0.18938
0.01880
-0.15721
-0.28713
-0.33297
-0.28134
-0.14739
0.02964
0.19791
0.30815
0.32810
0.25195
0.10203
-0.07771
-0.23459
-0.32266
-0.31612
-0.21693
-0.05420
0.12434
0.26634
0.33017
0.29713
0.17695
0.00492
-0.16847
-0.29235
-0.33037
-0.27140
-0.13280
0.04473
0.20904
0.31188
0.32308
0.23937
0.08538
-0.09362
-0.24502
-0.32435
-0.30830
-0.20164
-0.03575
0.14058
0.27547
0.32929
0.28622
0.15898
-0.01498
-0.18445
-0.29955
-0.32643
-0.25721
-0.11230
0.06561
0.22411
0.31653
0.31568
0.22183
0.06267
-0.11488
-0.25849
-0.32584
-0.29711
-0.18081
-0.01125
0.16155
0.28661
0.32708
0.27104
0.13506
-0.04070
-0.20437
-0.30764
-0.32005
-0.23797
-0.08567
0.09186
0.24217
0.32088
0.30476
0.19861
0.03383
-0.14087
-0.27385
-0.32582
-0.28144
-0.15387
0.01914
0.18640
0.29845
0.32216
0.25054
0.10483
-0.07183
-0.22714
-0.31515
-0.30982
-0.21276
-0.05275
0.12281
0.26190
0.32335
0.28897
0.16898
-0.00102
-0.17063
-0.28959
-0.32264
-0.26001
-0.12032
0.05498
0.21389
0.30928
0.31286
0.22362
0.06806
-0.10762
-0.25127
-0.32026
-0.29413
-0.18068
-0.01363
0.15739
0.28157
0.32204
0.26681
0.13232
-0.04143
-0.20278
-0.30377
-0.31440
-0.23154
-0.07986
0.09549
0.24235
0.31704
0.29737
0.18922
0.02481
-0.14690
-0.27479
-0.32082
-0.27129
-0.14101
0.03121
0.19405
0.29900
0.31481
0.23681
0.08828
-0.08649
-0.23539
-0.31404
-0.29902
-0.19483
-0.03259
0.13929
0.26953
0.31929
0.27376
0.14655
-0.02433
-0.18787
-0.29524
-0.31440
-0.23968
-0.09341
0.08069
0.23059
0.31153
0.29934
0.19771
0.03703
-0.13463
-0.26596
-0.31770
-0.27442
-0.14910
0.02076
0.18433
0.29266
0.31338
0.24030
0.09535
-0.07807
-0.22804
-0.30965
-0.29850
-0.19797
-0.03819
0.13294
0.26417
0.31617
0.27341
0.14873
-0.02047
-0.18344
-0.29134
-0.31182
-0.23879
-0.09417
0.07862
0.22774
0.30845
0.29657
0.19569
0.03612
-0.13420
-0.26415
-0.31472
-0.27076
-0.14550
0.02340
0.18518
0.29125
0.30974
0.23514
0.08991
-0.08228
-0.22964
-0.30789
-0.29351
-0.19086
-0.03086
0.13834
0.26583
0.31328
0.26642
0.13940
-0.02951
-0.18945
-0.29227
-0.30703
-0.22932
-0.08258
0.08897
0.23362
0.30781
0.28920
0.18344
0.02245
-0.14523
-0.26904
-0.31166
-0.26027
-0.13041
0.03873
0.19609
0.29421
0.30349
0.22119
0.07216
-0.09858
-0.23946
-0.30797
-0.28344
-0.17332
-0.01090
0.15472
0.27352
0.30960
0.25210
0.11844
-0.05096
-0.20487
-0.29675
-0.29885
-0.21056
-0.05864
0.11095
0.24688
0.30804
0.27595
0.16035
-0.00372
-0.16658
-0.27892
-0.30674
-0.24165
-0.10340
0.06610
0.21549
0.29950
0.29272
0.19722
0.04200
-0.12588
-0.25551
-0.30759
-0.26636
-0.14437
0.02135
0.18051
0.28481
0.30264
0.22861
0.08523
-0.08395
-0.22755
-0.30199
-0.28468
-0.18091
-0.02225
0.14308
0.26486
0.30610
0.25428
0.12521
-0.04185
-0.19611
-0.29065
-0.29676
-0.21262
-0.06384
0.10427
0.24058
0.30361
0.27421
0.16138
-0.00052
-0.16218
-0.27437
-0.30296
-0.23926
-0.10273
0.06503
0.21288
0.29580
0.28853
0.19333
0.03925
-0.12671
-0.25395
-0.30369
-0.26079
-0.13838
0.02618
0.18267
0.28334
0.29750
0.22085
0.07684
-0.09055
-0.23021
-0.29950
-0.27730
-0.17042
-0.01154
0.15078
0.26695
0.30148
0.24387
0.11175
-0.05446
-0.20393
-0.29097
-0.28899
-0.19863
-0.04756
0.11797
0.24732
0.30093
0.26242
0.14362
-0.01908
-0.17586
-0.27870
-0.29616
-0.22290
-0.08142
0.08493
0.22517
0.29635
0.27667
0.17222
0.01504
-0.14667
-0.26333
-0.29918
-0.24327
-0.11277
0.05224
0.20114
0.28825
0.28686
0.19744
0.04747
-0.11699
-0.24545
-0.29847
-0.25982
-0.14139
0.02040
0.17584
0.27717
0.29328
0.21926
0.07789
-0.08735
-0.22564
-0.29449
-0.27274
-0.16714
-0.01018
0.14982
0.26365
0.29629
0.23774
0.10606
-0.05820
-0.20445
-0.28768
-0.28228
-0.18997
-0.03919
0.12357
0.24818
0.29626
0.25302
0.13183
-0.02992
-0.18237
-0.27851
-0.28872
-0.20990
-0.06639
0.09752
0.23126
0.29358
0.26528
0.15513
-0.00283
-0.15983
-0.26741
-0.29237
-0.22703
-0.09162
0.07201
0.21331
0.28864
0.27474
0.17596
0.02285
-0.13724
-0.25482
-0.29355
-0.24149
-0.11479
0.04734
0.19475
0.28182
0.28166
0.19434
0.04693
-0.11492
-0.24112
-0.29260
-0.25345
-0.13585
0.02376
0.17592
0.27351
0.28630
0.21039
0.06931
-0.09316
-0.22667
-0.28984
-0.26311
-0.15482
0.00143
0.15714
0.26403
0.28895
0.22420
0.08993
-0.07219
-0.21180
-0.28560
-0.27068
-0.17174
-0.01951
0.13868
0.25372
0.28987
0.23595
0.10874
-0.05219
-0.19681
-0.28017
-0.27639
-0.18669
-0.03898
0.12077
0.24287
0.28935
0.24579
0.12578
-0.03330
-0.18193
-0.27385
-0.28047
-0.19977
-0.05691
0.10359
0.23174
0.28763
0.25389
0.14107
-0.01564
-0.16739
-0.26689
-0.28314
-0.21111
-0.07330
0.08729
0.22056
0.28497
0.26045
0.15469
0.00072
-0.15338
-0.25953
-0.28461
-0.22084
-0.08815
0.07199
0.20956
0.28160
0.26564
0.16670
0.01574
-0.14005
-0.25199
-0.28511
-0.22908
-0.10148
0.05779
0.19889
0.27771
0.26963
0.17721
0.02939
-0.12753
-0.24446
-0.28481
-0.23600
-0.11333
0.04475
0.18872
0.27352
0.27260
0.18629
0.04168
-0.11592
-0.23710
-0.28390
-0.24170
-0.12376
0.03291
0.17918
0.26917
0.27470
0.19406
0.05259
-0.10529
-0.23005
-0.28255
-0.24634
-0.13283
0.02232
0.17037
0.26483
0.27608
0.20061
0.06217
-0.09572
-0.22345
-0.28089
-0.25002
-0.14059
0.01298
0.16237
0.26063
0.27687
0.20603
0.07043
-0.08725
-0.21739
-0.27905
-0.25286
-0.14711
0.00489
0.15526
0.25666
0.27719
0.21041
0.07740
-0.07991
-0.21196
-0.27715
-0.25497
-0.15245
-0.00194
0.14910
0.25304
0.27714
0.21383
0.08312
-0.07373
-0.20723
-0.27527
-0.25642
-0.15666
-0.00752
0.14391
0.24982
0.27680
0.21635
0.08762
-0.06871
-0.20325
-0.27350
-0.25729
-0.15980
-0.01186
0.13974
0.24708
0.27624
0.21805
0.09093
-0.06487
-0.20006
-0.27188
-0.25765
-0.16190
-0.01498
0.13660
0.24485
0.27553
0.21895
0.09308
-0.06220
-0.19768
-0.27047
-0.25753
-0.16301
-0.01689
0.13450
0.24317
0.27469
0.21911
0.09409
-0.06069
-0.19614
-0.26929
-0.25698
-0.16314
-0.01760
0.13344
0.24204
0.27375
0.21854
0.09398
-0.06035
-0.19543
-0.26835
-0.25599
-0.16232
-0.01713
0.13342
0.24148
0.27272
0.21726
0.09276
-0.06116
-0.19554
-0.26765
-0.25459
-0.16055
-0.01549
0.13441
0.24145
0.27159
0.21526
0.09044
-0.06310
-0.19645
-0.26717
-0.25275
-0.15783
-0.01269
0.13640
0.24195
0.27032
0.21253
0.08702
-0.06615
-0.19814
-0.26687
-0.25045
-0.15416
-0.00875
0.13936
0.24292
0.26890
0.20904
0.08250
-0.07030
-0.20056
-0.26671
-0.24765
-0.14951
-0.00367
0.14325
0.24432
0.26726
0.20478
0.07688
-0.07551
-0.20367
-0.26663
-0.24430
-0.14386
0.00253
0.14803
0.24608
0.26534
0.19968
0.07015
-0.08174
-0.20738
-0.26655
-0.24034
-0.13718
0.00984
0.15363
0.24812
0.26305
0.19370
0.06231
-0.08897
-0.21163
-0.26638
-0.23569
-0.12945
0.01824
0.15999
0.25034
0.26032
0.18677
0.05334
-0.09713
-0.21633
-0.26602
-0.23028
-0.12062
0.02770
0.16703
0.25263
0.25703
0.17885
0.04325
-0.10616
-0.22136
-0.26535
-0.22400
-0.11067
0.03818
0.17466
0.25488
0.25307
0.16985
0.03204
-0.11600
-0.22662
-0.26423
-0.21677
-0.09956
0.04964
0.18276
0.25694
0.24832
0.15972
0.01972
-0.12654
-0.23194
-0.26253
-0.20848
-0.08726
0.06201
0.19120
0.25865
0.24265
0.14839
0.00632
-0.13770
-0.23720
-0.26010
-0.19904
-0.07377
0.07523
0.19985
0.25986
0.23592
0.13580
-0.00812
-0.14933
-0.24220
-0.25676
-0.18833
-0.05908
0.08919
0.20853
0.26038
0.22800
0.12191
-0.02355
-0.16130
-0.24678
-0.25236
-0.17628
-0.04320
0.10378
0.21707
0.26002
0.21875
0.10667
-0.03988
-0.17343
-0.25071
-0.24672
-0.16279
-0.02616
0.11886
0.22526
0.25857
0.20803
0.09007
-0.05702
-0.18553
-0.25378
-0.23966
-0.14779
-0.00803
0.13425
0.23287
0.25584
0.19574
0.07212
-0.07483
-0.19739
-0.25576
-0.23102
-0.13124
0.01111
0.14977
0.23966
0.25160
0.18175
0.05286
-0.09314
-0.20876
-0.25641
-0.22063
-0.11311
0.03115
0.16517
0.24537
0.24565
0.16598
0.03233
-0.11176
-0.21937
-0.25547
-0.20835
-0.09340
0.05191
0.18021
0.24971
0.23779
0.14838
0.01066
-0.13045
-0.22893
-0.25271
-0.19406
-0.07215
0.07321
0.19459
0.25241
0.22783
0.12891
-0.01202
-0.14893
-0.23714
-0.24786
-0.17764
-0.04945
0.09480
0.20800
0.25317
0.21559
0.10759
-0.03550
-0.16690
-0.24365
-0.24070
-0.15905
-0.02544
0.11640
0.22008
0.25169
0.20095
0.08448
-0.05955
-0.18400
-0.24815
-0.23101
-0.13826
-0.00030
0.13768
0.23047
0.24771
0.18379
0.05970
-0.08387
-0.19986
-0.25027
-0.21862
-0.11531
0.02573
0.15824
0.23878
0.24094
0.16407
0.03343
-0.10810
-0.21406
-0.24970
-0.20337
-0.09031
0.05232
0.17769
0.24462
0.23117
0.14181
0.00592
-0.13182
-0.22616
-0.24612
-0.18518
-0.06341
0.07912
0.19554
0.24760
0.21820
0.11706
-0.02252
-0.15459
-0.23572
-0.23924
-0.16402
-0.03488
0.10566
0.21133
0.24734
0.20190
0.08999
-0.05147
-0.17589
-0.24229
-0.22881
-0.13995
-0.00503
0.13146
0.22452
0.24351
0.18220
0.06086
-0.08048
-0.19518
-0.24542
-0.21466
-0.11311
0.02571
0.15594
0.23462
0.23580
0.15914
0.02998
-0.10899
-0.21187
-0.24471
-0.19669
-0.08373
0.05682
0.17850
0.24111
0.22398
0.13283
-0.00218
-0.13637
-0.22538
-0.23980
-0.17489
-0.05217
0.08772
0.19850
0.24351
0.20790
0.10351
-0.03508
-0.16196
-0.23513
-0.23039
-0.14935
-0.01889
0.11773
0.21526
0.24140
0.18752
0.07154
-0.06808
-0.18504
-0.24056
-0.21629
-0.12031
0.01551
0.14609
0.22812
0.23441
0.16291
0.03740
-0.10043
-0.20484
-0.24118
-0.19741
-0.08813
0.05034
0.17200
0.23645
0.22230
0.13430
0.00174
-0.13131
-0.22062
-0.23654
-0.17382
-0.05334
0.08479
0.19463
0.23966
0.20494
0.10207
-0.03469
-0.15981
-0.23166
-0.22636
-0.14571
-0.01661
0.11793
0.21311
0.23726
0.18236
0.06675
-0.07101
-0.18502
-0.23729
-0.21045
-0.11349
0.02124
0.14880
0.22665
0.22887
0.15476
0.02909
-0.10620
-0.20597
-0.23695
-0.18883
-0.07773
0.05924
0.17634
0.23448
0.21430
0.12256
-0.01004
-0.13919
-0.22176
-0.23019
-0.16169
-0.03921
0.09628
0.19950
0.23596
0.19351
0.08638
-0.04956
-0.16883
-0.23154
-0.21676
-0.12946
0.00109
0.13118
0.21728
0.23059
0.16670
0.04705
-0.08828
-0.19395
-0.23458
-0.19662
-0.09281
0.04201
0.16267
0.22873
0.21808
0.13434
0.00563
-0.12488
-0.21342
-0.23033
-0.16998
-0.05266
0.08225
0.18947
0.23303
0.19837
0.09715
-0.03661
-0.15798
-0.22622
-0.21846
-0.13734
-0.01014
0.12036
0.21034
0.22959
0.17167
0.05611
-0.07823
-0.18618
-0.23146
-0.19889
-0.09947
0.03334
0.15484
0.22416
0.21803
0.13855
0.01250
-0.11766
-0.20813
-0.22848
-0.17189
-0.05747
0.07622
0.18414
0.22997
0.19830
0.09985
-0.03218
-0.15326
-0.22261
-0.21688
-0.13805
-0.01273
0.11678
0.20683
0.22706
0.17069
0.05679
-0.07619
-0.18337
-0.22859
-0.19664
-0.09834
0.03309
0.15324
0.22157
0.21503
0.13588
0.01089
-0.11769
-0.20641
-0.22533
-0.16810
-0.05409
0.07811
0.18382
0.22730
0.19390
0.09496
-0.03603
-0.15473
-0.22101
-0.21247
-0.13205
-0.00700
0.12032
0.20683
0.22326
0.16409
0.04941
-0.08192
-0.18541
-0.22602
-0.19005
-0.08971
0.04094
0.15763
0.22081
0.20910
0.12652
0.00111
-0.12459
-0.20795
-0.22072
-0.15862
-0.04276
0.08752
0.18801
0.22463
0.18498
0.08258
-0.04777
-0.16182
-0.22083
-0.20481
-0.11925
0.00675
0.13037
0.20960
0.21756
0.15159
0.03414
-0.09482
-0.19145
-0.22293
-0.17858
-0.07354
0.05643
0.16711
0.22087
0.19944
0.11017
-0.01653
-0.13750
-0.21158
-0.21359
-0.14287
-0.02357
0.10367
0.19551
0.22069
0.17067
0.06255
-0.06681
-0.17330
-0.22065
-0.19276
-0.09918
0.02814
0.14577
0.21361
0.20854
0.13235
0.01107
-0.11390
-0.19991
-0.21764
-0.16108
-0.04959
0.07875
0.18011
0.21989
0.18456
0.08622
-0.04149
-0.15493
-0.21536
-0.20215
-0.11988
0.00330
0.12526
0.20431
0.21345
0.14960
0.03465
-0.09207
-0.18720
-0.21822
-0.17456
-0.07121
0.05643
0.16466
0.21645
0.19411
0.10533
-0.01944
-0.13747
-0.20832
-0.20777
-0.13605
-0.01777
0.10650
0.19419
0.21525
0.16253
0.05413
-0.07274
-0.17458
-0.21647
-0.18409
-0.08860
0.03722
0.15016
0.21150
0.20022
0.12023
-0.00096
-0.12173
-0.20061
-0.21056
-0.14819
-0.03498
0.09016
0.18423
0.21494
0.17177
0.06962
-0.05639
-0.16291
-0.21335
-0.19041
-0.10202
0.02139
0.13734
0.20597
0.20369
0.13134
0.01386
-0.10830
-0.19309
-0.21136
-0.15686
-0.04840
0.07664
0.17519
0.21333
0.17797
0.08133
-0.04325
-0.15283
-0.20967
-0.19420
-0.11181
0.00905
0.12670
0.20058
0.20523
0.13911
0.02505
-0.09755
-0.18640
-0.21088
-0.16256
-0.05819
0.06619
0.16762
0.21111
0.18167
0.08953
-0.03345
-0.14479
-0.20602
-0.19604
-0.11833
0.00021
0.11858
0.19587
0.20540
0.14392
0.03272
-0.08970
-0.18100
-0.20963
-0.16573
-0.06453
0.05891
0.16187
0.20874
0.18332
0.09447
-0.02702
-0.13905
-0.20284
-0.19635
-0.12185
-0.00521
0.11314
0.19220
0.20460
0.14609
0.03699
-0.08484
-0.17716
-0.20799
-0.16668
-0.06760
0.05485
0.15817
0.20654
0.18322
0.09634
-0.02390
-0.13575
-0.20039
-0.19541
-0.12260
-0.00728
0.11048
0.18977
0.20309
0.14584
0.03798
-0.08300
-0.17503
-0.20616
-0.16561
-0.06752
0.05396
0.15658
0.20467
0.18155
0.09529
-0.02404
-0.13491
-0.19875
-0.19338
-0.12071
-0.00609
0.11056
0.18862
0.20095
0.14329
0.03578
-0.08411
-0.17460
-0.20419
-0.16262
-0.06441
0.05616
0.15706
0.20313
0.17835
0.09140
-0.02734
-0.13646
-0.19788
-0.19024
-0.11623
-0.00173
0.11328
0.18866
0.19814
0.13844
0.03047
-0.08805
-0.17573
-0.20197
-0.15765
-0.05830
0.06134
0.15944
0.20176
0.17353
0.08467
-0.03370
-0.14020
-0.19759
-0.18585
-0.10912
0.00570
0.11844
0.18965
0.19445
0.13121
0.02210
-0.09464
-0.17817
-0.19925
-0.15056
-0.04919
0.06932
0.16345
0.20026
0.16688
0.07507
-0.04297
-0.14585
-0.19753
-0.17993
-0.09927
0.01612
0.12577
0.19122
0.18956
0.12141
0.01073
-0.10362
-0.18152
-0.19565
-0.14112
-0.03709
0.07986
0.16868
0.19820
0.15810
0.06251
-0.05495
-0.15302
-0.19724
-0.17212
-0.08655
0.02937
0.13487
0.19287
0.18302
0.10883
-0.00356
-0.11461
-0.18525
-0.19067
-0.12901
-0.02202
0.09264
0.17459
0.19503
0.14680
0.04694
-0.06937
-0.16115
-0.19610
-0.16196
-0.07080
0.04522
0.14521
0.19395
0.17430
0.09324
-0.02062
-0.12711
-0.18870
-0.18370
-0.11393
-0.00404
0.10718
0.18050
0.19007
0.13257
0.02834
-0.08580
-0.16956
-0.19340
-0.14893
-0.05192
0.06334
0.15613
0.19370
0.16281
0.07444
-0.04016
-0.14047
-0.19105
-0.17406
-0.09556
0.01666
0.12289
0.18557
0.18257
0.11501
0.00682
-0.10369
-0.17741
-0.18830
-0.13254
-0.02992
0.08320
0.16677
0.19122
0.14794
0.05231
-0.06176
-0.15386
-0.19137
-0.16105
-0.07369
0.03970
0.13893
0.18882
0.17174
0.09378
-0.01736
-0.12224
-0.18368
-0.17992
-0.11234
-0.00496
0.10408
0.17610
0.18555
0.12914
0.02694
-0.08474
-0.16623
-0.18862
-0.14400
-0.04828
0.06450
0.15428
0.18915
0.15679
0.06873
-0.04367
-0.14046
-0.18722
-0.16738
-0.08804
0.02254
0.12500
0.18291
0.17570
0.10598
-0.00138
-0.10816
-0.17634
-0.18170
-0.12237
-0.01953
0.09018
0.16767
0.18538
0.13705
0.03994
-0.07132
-0.15706
-0.18676
-0.14987
-0.05960
0.05184
0.14469
0.18587
0.16074
0.07830
-0.03199
-0.13077
-0.18280
-0.16957
-0.09584
0.01202
0.11550
0.17766
0.17633
0.11205
0.00782
-0.09911
-0.17054
-0.18100
-0.12678
-0.02732
0.08181
0.16161
0.18358
0.13990
0.04626
-0.06384
-0.15101
-0.18410
-0.15132
-0.06444
0.04541
0.13891
0.18263
0.16095
0.08169
-0.02673
-0.12549
-0.17923
-0.16875
-0.09785
0.00803
0.11093
0.17400
0.17468
0.11277
0.01051
-0.09542
-0.16706
-0.17874
-0.12634
-0.02869
0.07916
0.15852
0.18095
0.13846
0.04633
-0.06233
-0.14853
-0.18134
-0.14905
-0.06328
0.04512
0.13723
0.17997
0.15805
0.07938
-0.02772
-0.12477
-0.17690
-0.16542
-0.09451
0.01030
0.11131
0.17221
0.17115
0.10855
0.00697
-0.09701
-0.16601
-0.17522
-0.12139
-0.02394
0.08204
0.15839
0.17767
0.13297
0.04045
-0.06655
-0.14948
-0.17851
-0.14322
-0.05637
0.05070
0.13940
0.17779
0.15208
0.07157
-0.03465
-0.12828
-0.17558
-0.15952
-0.08596
0.01854
0.11625
0.17193
0.16553
0.09942
-0.00251
-0.10344
-0.16693
-0.17011
-0.11187
-0.01330
0.08998
0.16067
0.17326
0.12325
0.02877
-0.07602
-0.15323
-0.17500
-0.13350
-0.04378
0.06168
0.14473
0.17538
0.14258
0.05824
-0.04708
-0.13527
-0.17443
-0.15045
-0.07204
0.03236
0.12495
0.17222
0.15709
0.08510
-0.01764
-0.11389
-0.16879
-0.16251
-0.09735
0.00301
0.10218
0.16423
0.16669
0.10873
0.01141
-0.08995
-0.15860
-0.16967
-0.11919
-0.02552
0.07731
0.15199
0.17145
0.12868
0.03924
-0.06434
-0.14448
-0.17208
-0.13717
-0.05249
0.05117
0.13614
0.17158
0.14465
0.06518
-0.03789
-0.12709
-0.17001
-0.15109
-0.07726
0.02458
0.11739
0.16741
0.15650
0.08867
-0.01134
-0.10713
-0.16385
-0.16088
-0.09936
-0.00174
0.09642
0.15938
0.16424
0.10930
0.01460
-0.08532
-0.15406
-0.16661
-0.11843
-0.02715
0.07393
0.14797
0.16800
0.12676
0.03935
-0.06232
-0.14117
-0.16844
-0.13425
-0.05112
0.05058
0.13372
0.16798
0.14090
0.06241
-0.03878
-0.12571
-0.16665
-0.14669
-0.07319
0.02698
0.11719
0.16449
0.15165
0.08340
-0.01526
-0.10824
-0.16156
-0.15576
-0.09302
0.00367
0.09892
0.15789
0.15906
0.10203
0.00773
-0.08930
-0.15355
-0.16154
-0.11039
-0.01889
0.07944
0.14858
0.16324
0.11810
0.02975
-0.06941
-0.14304
-0.16418
-0.12514
-0.04028
0.05926
0.13697
0.16439
0.13151
0.05044
-0.04904
-0.13044
-0.16390
-0.13720
-0.06019
0.03882
0.12349
0.16275
0.14223
0.06952
-0.02864
-0.11618
-0.16096
-0.14659
-0.07839
0.01854
0.10855
0.15859
0.15029
0.08678
-0.00857
-0.10066
-0.15566
-0.15336
-0.09468
-0.00124
0.09256
0.15221
0.15581
0.10208
0.01084
-0.08429
-0.14830
-0.15765
-0.10896
-0.02021
0.07589
0.14395
0.15892
0.11534
0.02932
-0.06741
-0.13920
-0.15962
-0.12119
-0.03814
0.05889
0.13410
0.15979
0.12654
0.04665
-0.05035
-0.12868
-0.15946
-0.13137
-0.05484
0.04185
0.12298
0.15864
0.13570
0.06268
-0.03340
-0.11705
-0.15738
-0.13954
-0.07017
0.02504
0.11090
0.15569
0.14289
0.07730
-0.01680
-0.10458
-0.15361
-0.14578
-0.08405
0.00869
0.09813
0.15116
0.14822
0.09043
-0.00075
-0.09156
-0.14838
-0.15021
-0.09643
-0.00700
0.08492
0.14530
0.15179
0.10205
0.01456
-0.07823
-0.14193
-0.15297
-0.10730
-0.02191
0.07151
0.13832
0.15376
0.11217
0.02902
-0.06480
-0.13448
-0.15419
-0.11667
-0.03590
0.05810
0.13044
0.15428
0.12082
0.04253
-0.05146
-0.12624
-0.15405
-0.12461
-0.04891
0.04488
0.12188
0.15351
0.12805
0.05502
-0.03838
-0.11741
-0.15270
-0.13116
-0.06088
0.03198
0.11283
0.15162
0.13395
0.06646
-0.02569
-0.10817
-0.15030
-0.13643
-0.07178
0.01953
0.10346
0.14876
0.13861
0.07683
-0.01350
-0.09870
-0.14703
-0.14050
-0.08161
0.00763
0.09393
0.14511
0.14212
0.08614
-0.00191
-0.08915
-0.14303
-0.14348
-0.09040
-0.00364
0.08438
0.14080
0.14460
0.09441
0.00902
-0.07963
-0.13845
-0.14549
-0.09817
-0.01423
0.07493
0.13599
0.14616
0.10169
0.01926
-0.07028
-0.13344
-0.14663
-0.10497
-0.02410
0.06569
0.13080
0.14691
0.10802
0.02876
-0.06117
-0.12811
-0.14701
-0.11085
-0.03323
0.05674
0.12536
0.14695
0.11347
0.03752
-0.05240
-0.12258
-0.14674
-0.11588
-0.04162
0.04816
0.11978
0.14640
0.11809
0.04553
-0.04403
-0.11696
-0.14594
-0.12012
-0.04926
0.04001
0.11415
0.14536
0.12196
0.05280
-0.03610
-0.11135
-0.14468
-0.12363
-0.05617
0.03232
0.10856
0.14392
0.12514
0.05935
-0.02867
-0.10581
-0.14308
-0.12650
-0.06237
0.02515
0.10310
0.14217
0.12771
0.06521
-0.02175
-0.10043
-0.14120
-0.12878
-0.06788
0.01850
0.09781
0.14019
0.12972
0.07040
-0.01538
-0.09525
-0.13914
-0.13054
-0.07275
0.01239
0.09276
0.13806
0.13125
0.07495
-0.00955
-0.09035
-0.13696
-0.13185
-0.07700
0.00685
0.08800
0.13585
0.13235
0.07890
-0.00428
-0.08574
-0.13473
-0.13277
-0.08066
0.00186
0.08357
0.13361
0.13309
0.08228
0.00043
-0.08148
-0.13249
-0.13334
-0.08377
-0.00258
0.07949
0.13139
0.13352
0.08513
0.00459
-0.07759
-0.13030
-0.13363
-0.08636
-0.00646
0.07579
0.12924
0.13368
0.08747
0.00819
-0.07409
-0.12820
-0.13367
-0.08847
-0.00980
0.07249
0.12720
0.13361
0.08935
0.01126
-0.07100
-0.12623
-0.13350
-0.09012
-0.01260
0.06961
0.12529
0.13336
0.09079
0.01380
-0.06832
-0.12440
-0.13317
-0.09135
-0.01488
0.06714
0.12356
0.13295
0.09181
0.01583
-0.06607
-0.12275
-0.13269
-0.09217
-0.01665
0.06511
0.12200
0.13241
0.09244
0.01734
-0.06425
-0.12129
-0.13210
-0.09261
-0.01792
0.06350
0.12064
0.13176
0.09269
0.01837
-0.06286
-0.12003
-0.13140
-0.09268
-0.01870
0.06232
0.11948
0.13102
0.09259
0.01890
-0.06189
-0.11898
-0.13062
-0.09241
-0.01900
0.06157
0.11854
0.13019
0.09214
0.01897
-0.06135
-0.11814
-0.12975
-0.09179
-0.01883
0.06124
0.11780
0.12929
0.09136
0.01857
-0.06122
-0.11751
-0.12880
-0.09084
-0.01820
0.06131
0.11726
0.12830
0.09024
0.01771
-0.06150
-0.11707
-0.12777
-0.08956
-0.01712
0.06178
0.11692
0.12723
0.08880
0.01641
-0.06216
-0.11682
-0.12665
-0.08795
-0.01560
0.06264
0.11676
0.12606
0.08702
0.01467
-0.06320
-0.11674
-0.12543
-0.08601
-0.01364
0.06386
0.11676
0.12478
0.08491
0.01250
-0.06461
-0.11681
-0.12410
-0.08372
-0.01126
0.06544
0.11689
0.12338
0.08245
0.00991
-0.06635
-0.11700
-0.12262
-0.08110
-0.00845
0.06734
0.11714
0.12182
0.07965
0.00690
-0.06841
-0.11729
-0.12098
-0.07811
-0.00524
0.06955
0.11747
0.12009
0.07648
0.00348
-0.07076
-0.11765
-0.11915
-0.07476
-0.00162
0.07204
0.11784
0.11816
0.07294
-0.00033
-0.07338
-0.11803
-0.11711
-0.07103
0.00238
0.07477
0.11822
0.11599
0.06902
-0.00453
-0.07622
-0.11839
-0.11481
-0.06691
0.00676
0.07771
0.11856
0.11355
0.06469
-0.00909
-0.07925
-0.11870
-0.11222
-0.06238
0.01150
0.08083
0.11881
0.11081
0.05996
-0.01400
-0.08244
-0.11890
-0.10931
-0.05744
0.01658
0.08407
0.11894
0.10772
0.05481
-0.01923
-0.08573
-0.11893
-0.10603
-0.05208
0.02197
0.08740
0.11887
0.10424
0.04924
-0.02477
-0.08907
-0.11875
-0.10235
-0.04629
0.02764
0.09074
0.11856
0.10035
0.04323
-0.03057
-0.09241
-0.11830
-0.09823
-0.04007
0.03356
0.09406
0.11795
0.09600
0.03680
-0.03660
-0.09568
-0.11750
-0.09364
-0.03343
0.03969
0.09727
0.11696
0.09116
0.02995
-0.04281
-0.09882
-0.11631
-0.08854
-0.02637
0.04597
0.10031
0.11555
0.08579
0.02269
-0.04915
-0.10175
-0.11466
-0.08291
-0.01892
0.05234
0.10311
0.11364
0.07988
0.01505
-0.05555
-0.10439
-0.11248
-0.07671
-0.01109
0.05875
0.10558
0.11117
0.07340
0.00705
-0.06194
-0.10667
-0.10971
-0.06994
-0.00293
0.06512
0.10765
0.10809
0.06633
-0.00126
-0.06826
-0.10850
-0.10630
-0.06258
0.00552
0.07136
0.10921
0.10433
0.05868
-0.00984
-0.07440
-0.10978
-0.10218
-0.05464
0.01420
0.07738
0.11019
0.09985
0.05045
-0.01861
-0.08028
-0.11044
-0.09732
-0.04612
0.02305
0.08309
0.11050
0.09459
0.04166
-0.02751
-0.08579
-0.11037
-0.09167
-0.03707
0.03197
0.08838
0.11005
0.08854
0.03235
-0.03644
-0.09082
-0.10950
-0.08520
-0.02751
0.04088
0.09313
0.10874
0.08166
0.02256
-0.04530
-0.09526
-0.10775
-0.07790
-0.01751
0.04966
0.09722
0.10651
0.07394
0.01236
-0.05397
-0.09899
-0.10502
-0.06977
-0.00714
0.05820
0.10054
0.10328
0.06539
0.00184
-0.06233
-0.10187
-0.10127
-0.06082
0.00351
0.06635
0.10297
0.09899
0.05605
-0.00890
-0.07024
-0.10381
-0.09644
-0.05109
0.01432
0.07397
0.10438
0.09360
0.04595
-0.01974
-0.07754
-0.10467
-0.09048
-0.04064
0.02516
0.08092
0.10467
0.08708
0.03516
-0.03054
-0.08409
-0.10436
-0.08339
-0.02955
0.03588
0.08703
0.10372
0.07943
0.02380
-0.04114
-0.08972
-0.10276
-0.07518
-0.01793
0.04631
0.09214
0.10146
0.07065
0.01196
-0.05136
-0.09427
-0.09981
-0.06586
-0.00591
0.05627
0.09609
0.09781
0.06081
-0.00019
-0.06102
-0.09758
-0.09544
-0.05551
0.00633
0.06557
0.09873
0.09272
0.04998
-0.01249
